test,approach,answer,time
30-0.02-1c,1c-1f,1,0.42
30-0.02-1c,1c-1f,2,0.43
30-0.02-1c,1c-1f,3,0.44
30-0.02-1c,1c-1f,4,0.48
30-0.02-1c,1c-1f,5,0.76
30-0.02-1c,1c-1f,6,0.86
30-0.02-1c,1c-1f,7,1.14
30-0.02-1c,1c-1f,8,1.24
30-0.02-1c,1c-1f,9,1.49
30-0.02-1c,1c-1f,10,1.87
30-0.02-1c,1c-1f,11,2.03
30-0.02-1c,1c-1f,12,2.46
30-0.02-1c,1c-1f,13,2.63
30-0.02-1c,1c-1f,14,2.79
30-0.02-1c,1c-1f,15,3.25
30-0.02-1c,1c-1f,16,3.74
30-0.02-1c,1c-1f,17,4.01
30-0.02-1c,1c-1f,18,4.11
30-0.02-1c,1c-1f,19,4.17
30-0.02-1c,1c-1f,20,5.11
30-0.02-1c,1c-1f,21,5.43
30-0.02-1c,1c-1f,22,5.73
30-0.02-1c,1c-1f,23,5.80
30-0.02-1c,1c-1f,24,5.88
30-0.02-1c,1c-1f,25,5.94
30-0.02-1c,1c-1f,26,6.36
30-0.02-1c,1c-1f,27,6.48
30-0.02-1c,1c-1f,28,6.58
30-0.02-1c,1c-1f,29,6.82
30-0.02-1c,1c-1f,30,6.87
30-0.02-1c,1c-1f,31,7.30
30-0.02-1c,1c-1f,32,8.70
30-0.02-1c,1c-1f,33,8.72
30-0.02-1c,1c-1f,34,9.28
30-0.02-1c,1c-1f,35,9.37
30-0.02-1c,1c-1f,36,9.55
30-0.02-1c,1c-1f,37,9.82
30-0.02-1c,1c-1f,38,10.01
30-0.02-1c,1c-1f,39,10.10
30-0.02-1c,1c-1f,40,10.20
30-0.02-1c,1c-1f,41,10.84
30-0.02-1c,1c-1f,42,11.79
30-0.02-1c,1c-1f,43,12.40
30-0.02-1c,1c-1f,44,13.35
30-0.02-1c,1c-1f,45,13.53
30-0.02-1c,1c-1f,46,14.13
30-0.02-1c,1c-1f,47,14.43
30-0.02-1c,1c-1f,48,14.68
30-0.02-1c,1c-1f,49,16.60
30-0.02-1c,1c-1f,50,16.82
30-0.02-1c,1c-1f,51,16.94
30-0.02-1c,1c-1f,52,17.03
30-0.02-1c,1c-1f,53,17.24
30-0.02-1c,1c-1f,54,17.61
30-0.02-1c,1c-1f,55,18.79
30-0.02-1c,1c-1f,56,18.83
30-0.02-1c,1c-1f,57,19.30
30-0.02-1c,1c-1f,58,21.34
30-0.02-1c,1c-1f,59,21.37
30-0.02-1c,1c-1f,60,21.70
30-0.02-1c,1c-1f,61,21.75
30-0.02-1c,1c-1f,62,21.86
30-0.02-1c,1c-1f,63,21.95
30-0.02-1c,1c-1f,64,21.99
30-0.02-1c,1c-1f,65,22.83
30-0.02-1c,1c-1f,66,23.10
30-0.02-1c,1c-1f,67,23.17
30-0.02-1c,1c-1f,68,23.87
30-0.02-1c,1c-1f,69,24.08
30-0.02-1c,1c-1f,70,24.67
30-0.02-1c,1c-1f,71,24.91
30-0.02-1c,1c-1f,72,25.99
30-0.02-1c,1c-1f,73,26.52
30-0.02-1c,1c-1f,74,26.99
30-0.02-1c,1c-1f,75,27.50
30-0.02-1c,1c-1f,76,27.65
30-0.02-1c,1c-1f,77,27.94
30-0.02-1c,1c-1f,78,28.10
30-0.02-1c,1c-1f,79,28.54
30-0.02-1c,1c-1f,80,29.65
30-0.02-1c,1c-1f,81,31.93
30-0.02-1c,1c-1f,82,32.27
30-0.02-1c,1c-1f,83,33.10
30-0.02-1c,1c-1f,84,33.94
30-0.02-1c,1c-1f,85,33.95
30-0.02-1c,1c-1f,86,34.59
30-0.02-1c,1c-1f,87,35.00
30-0.02-1c,1c-1f,88,36.13
30-0.02-1c,1c-1f,89,36.71
30-0.02-1c,1c-1f,90,38.69
30-0.02-1c,1c-1f,91,38.87
30-0.02-1c,1c-1f,92,39.19
30-0.02-1c,1c-1f,93,39.81
30-0.02-1c,1c-1f,94,40.15
30-0.02-1c,1c-1f,95,41.28
30-0.02-1c,1c-1f,96,42.38
30-0.02-1c,1c-1f,97,43.40
30-0.02-1c,1c-1f,98,43.63
30-0.02-1c,1c-1f,99,43.73
30-0.02-1c,1c-1f,100,43.76
30-0.02-1c,1c-1f,101,44.33
30-0.02-1c,1c-1f,102,44.41
30-0.02-1c,1c-1f,103,44.79
30-0.02-1c,1c-1f,104,45.74
30-0.02-1c,1c-1f,105,46.68
30-0.02-1c,1c-1f,106,47.47
30-0.02-1c,1c-1f,107,47.89
30-0.02-1c,1c-1f,108,50.27
30-0.02-1c,1c-1f,109,51.06
30-0.02-1c,1c-1f,110,51.39
30-0.02-1c,1c-1f,111,51.56
30-0.02-1c,1c-1f,112,52.98
30-0.02-1c,1c-1f,113,53.69
30-0.02-1c,1c-1f,114,53.79
30-0.02-1c,1c-1f,115,54.42
30-0.02-1c,1c-1f,116,54.71
30-0.02-1c,1c-1f,117,54.83
30-0.02-1c,1c-1f,118,56.68
30-0.02-1c,1c-1f,119,56.85
30-0.02-1c,1c-1f,120,57.86
30-0.02-1c,1c-1f,121,58.25
30-0.02-1c,1c-1f,122,58.50
30-0.02-1c,1c-1f,123,58.54
30-0.02-1c,1c-1f,124,58.92
30-0.02-1c,1c-1f,125,59.29
30-0.02-1c,1c-1f,126,59.34
30-0.02-1c,1c-1f,127,59.57
30-0.02-1c,1c-1f,128,60.22
30-0.02-1c,1c-1f,129,60.38
30-0.02-1c,1c-1f,130,61.08
30-0.02-1c,1c-1f,131,61.24
30-0.02-1c,1c-1f,132,61.64
30-0.02-1c,1c-1f,133,62.93
30-0.02-1c,1c-1f,134,64.30
30-0.02-1c,1c-1f,135,64.34
30-0.02-1c,1c-1f,136,64.45
30-0.02-1c,1c-1f,137,65.00
30-0.02-1c,1c-1f,138,65.19
30-0.02-1c,1c-1f,139,66.24
30-0.02-1c,1c-1f,140,67.45
30-0.02-1c,1c-1f,141,67.59
30-0.02-1c,1c-1f,142,67.97
30-0.02-1c,1c-1f,143,68.16
30-0.02-1c,1c-1f,144,68.19
30-0.02-1c,1c-1f,145,69.35
30-0.02-1c,1c-1f,146,70.10
30-0.02-1c,1c-1f,147,71.14
30-0.02-1c,1c-1f,148,71.21
30-0.02-1c,1c-1f,149,71.30
30-0.02-1c,1c-1f,150,71.47
30-0.02-1c,1c-1f,151,71.65
30-0.02-1c,1c-1f,152,71.92
30-0.02-1c,1c-1f,153,72.10
30-0.02-1c,1c-1f,154,72.24
30-0.02-1c,1c-1f,155,73.68
30-0.02-1c,1c-1f,156,74.68
30-0.02-1c,1c-1f,157,75.09
30-0.02-1c,1c-1f,158,75.26
30-0.02-1c,1c-1f,159,75.49
30-0.02-1c,1c-1f,160,76.72
30-0.02-1c,1c-1f,161,77.62
30-0.02-1c,1c-1f,162,77.95
30-0.02-1c,1c-1f,163,78.13
30-0.02-1c,1c-1f,164,78.55
30-0.02-1c,1c-1f,165,78.81
30-0.02-1c,1c-1f,166,79.01
30-0.02-1c,1c-1f,167,79.04
30-0.02-1c,1c-1f,168,79.42
30-0.02-1c,1c-1f,169,79.43
30-0.02-1c,1c-1f,170,79.57
30-0.02-1c,1c-1f,171,79.57
30-0.02-1c,1c-1f,172,80.00
30-0.02-1c,1c-1f,173,80.39
30-0.02-1c,1c-1f,174,80.55
30-0.02-1c,1c-1f,175,81.12
30-0.02-1c,1c-1f,176,81.33
30-0.02-1c,1c-1f,177,81.62
30-0.02-1c,1c-1f,178,82.56
30-0.02-1c,1c-1f,179,83.23
30-0.02-1c,1c-1f,180,83.85
30-0.02-1c,1c-1f,181,84.63
30-0.02-1c,1c-1f,182,84.79
30-0.02-1c,1c-1f,183,85.69
30-0.02-1c,1c-1f,184,85.95
30-0.02-1c,1c-1f,185,86.36
30-0.02-1c,1c-1f,186,86.62
30-0.02-1c,1c-1f,187,86.90
30-0.02-1c,1c-1f,188,87.18
30-0.02-1c,1c-1f,189,87.31
30-0.02-1c,1c-1f,190,87.66
30-0.02-1c,1c-1f,191,87.90
30-0.02-1c,1c-1f,192,87.98
30-0.02-1c,1c-1f,193,88.46
30-0.02-1c,1c-1f,194,89.00
30-0.02-1c,1c-1f,195,89.28
30-0.02-1c,1c-1f,196,89.85
30-0.02-1c,1c-1f,197,90.01
30-0.02-1c,1c-1f,198,90.08
30-0.02-1c,1c-1f,199,90.09
30-0.02-1c,1c-1f,200,90.36
30-0.02-1c,1c-1f,201,90.55
30-0.02-1c,1c-1f,202,90.71
30-0.02-1c,1c-1f,203,90.76
30-0.02-1c,1c-1f,204,90.88
30-0.02-1c,1c-1f,205,91.05
30-0.02-1c,1c-1f,206,91.14
30-0.02-1c,1c-1f,207,91.53
30-0.02-1c,1c-1f,208,94.99
30-0.02-1c,1c-1f,209,95.37
30-0.02-1c,1c-1f,210,96.30
30-0.02-1c,1c-1f,211,96.37
30-0.02-1c,1c-1f,212,96.67
30-0.02-1c,1c-1f,213,97.42
30-0.02-1c,1c-1f,214,99.25
30-0.02-1c,1c-1f,215,99.31
30-0.02-1c,1c-1f,216,100.06
30-0.02-1c,1c-1f,217,100.47
30-0.02-1c,1c-1f,218,100.68
30-0.02-1c,1c-1f,219,100.76
30-0.02-1c,1c-1f,220,101.10
30-0.02-1c,1c-1f,221,102.33
30-0.02-1c,1c-1f,222,102.53
30-0.02-1c,1c-1f,223,102.59
30-0.02-1c,1c-1f,224,102.79
30-0.02-1c,1c-1f,225,102.80
30-0.02-1c,1c-1f,226,102.81
30-0.02-1c,1c-1f,227,102.94
30-0.02-1c,1c-1f,228,103.68
30-0.02-1c,1c-1f,229,103.94
30-0.02-1c,1c-1f,230,104.88
30-0.02-1c,1c-1f,231,104.92
30-0.02-1c,1c-1f,232,105.07
30-0.02-1c,1c-1f,233,105.73
30-0.02-1c,1c-1f,234,105.96
30-0.02-1c,1c-1f,235,106.82
30-0.02-1c,1c-1f,236,106.95
30-0.02-1c,1c-1f,237,107.35
30-0.02-1c,1c-1f,238,107.98
30-0.02-1c,1c-1f,239,108.24
30-0.02-1c,1c-1f,240,108.38
30-0.02-1c,1c-1f,241,108.48
30-0.02-1c,1c-1f,242,108.50
30-0.02-1c,1c-1f,243,108.64
30-0.02-1c,1c-1f,244,108.88
30-0.02-1c,1c-1f,245,109.04
30-0.02-1c,1c-1f,246,109.15
30-0.02-1c,1c-1f,247,110.09
30-0.02-1c,1c-1f,248,110.10
30-0.02-1c,1c-1f,249,110.25
30-0.02-1c,1c-1f,250,110.77
30-0.02-1c,1c-1f,251,110.92
30-0.02-1c,1c-1f,252,111.10
30-0.02-1c,1c-1f,253,111.17
30-0.02-1c,1c-1f,254,111.81
30-0.02-1c,1c-1f,255,112.64
30-0.02-1c,1c-1f,256,112.85
30-0.02-1c,1c-1f,257,112.88
30-0.02-1c,1c-1f,258,112.92
30-0.02-1c,1c-1f,259,112.95
30-0.02-1c,1c-1f,260,113.31
30-0.02-1c,1c-1f,261,113.32
30-0.02-1c,1c-1f,262,113.50
30-0.02-1c,1c-1f,263,114.23
30-0.02-1c,1c-1f,264,114.48
30-0.02-1c,1c-1f,265,115.38
30-0.02-1c,1c-1f,266,116.09
30-0.02-1c,1c-1f,267,116.30
30-0.02-1c,1c-1f,268,116.44
30-0.02-1c,1c-1f,269,116.94
30-0.02-1c,1c-1f,270,117.26
30-0.02-1c,1c-1f,271,117.80
30-0.02-1c,1c-1f,272,118.43
30-0.02-1c,1c-1f,273,119.52
30-0.02-1c,1c-1f,274,119.68
30-0.02-1c,1c-1f,275,119.70
30-0.02-1c,1c-1f,276,120.04
30-0.02-1c,1c-1f,277,120.39
30-0.02-1c,1c-1f,278,121.30
30-0.02-1c,1c-1f,279,121.46
30-0.02-1c,1c-1f,280,122.70
30-0.02-1c,1c-1f,281,122.89
30-0.02-1c,1c-1f,282,123.24
30-0.02-1c,1c-1f,283,123.44
30-0.02-1c,1c-1f,284,123.45
30-0.02-1c,1c-1f,285,124.21
30-0.02-1c,1c-1f,286,124.99
30-0.02-1c,1c-1f,287,125.16
30-0.02-1c,1c-1f,288,126.29
30-0.02-1c,1c-1f,289,126.54
30-0.02-1c,1c-1f,290,127.14
30-0.02-1c,1c-1f,291,127.34
30-0.02-1c,1c-1f,292,128.12
30-0.02-1c,1c-1f,293,128.29
30-0.02-1c,1c-1f,294,128.42
30-0.02-1c,1c-1f,295,128.51
30-0.02-1c,1c-1f,296,128.53
30-0.02-1c,1c-1f,297,128.91
30-0.02-1c,1c-1f,298,129.91
30-0.02-1c,1c-1f,299,130.97
30-0.02-1c,1c-1f,300,130.98
30-0.02-1c,1c-1f,301,131.12
30-0.02-1c,1c-1f,302,132.51
30-0.02-1c,1c-1f,303,132.80
30-0.02-1c,1c-1f,304,132.88
30-0.02-1c,1c-1f,305,133.39
30-0.02-1c,1c-1f,306,135.55
30-0.02-1c,1c-1f,307,136.29
30-0.02-1c,1c-1f,308,136.31
30-0.02-1c,1c-1f,309,136.53
30-0.02-1c,1c-1f,310,136.68
30-0.02-1c,1c-1f,311,136.82
30-0.02-1c,1c-1f,312,137.44
30-0.02-1c,1c-1f,313,137.68
30-0.02-1c,1c-1f,314,137.78
30-0.02-1c,1c-1f,315,138.02
30-0.02-1c,1c-1f,316,138.14
30-0.02-1c,1c-1f,317,138.18
30-0.02-1c,1c-1f,318,139.36
30-0.02-1c,1c-1f,319,140.66
30-0.02-1c,1c-1f,320,141.34
30-0.02-1c,1c-1f,321,141.72
30-0.02-1c,1c-1f,322,142.22
30-0.02-1c,1c-1f,323,142.49
30-0.02-1c,1c-1f,324,143.11
30-0.02-1c,1c-1f,325,143.67
30-0.02-1c,1c-1f,326,144.48
30-0.02-1c,1c-1f,327,144.87
30-0.02-1c,1c-1f,328,144.94
30-0.02-1c,1c-1f,329,145.14
30-0.02-1c,1c-1f,330,146.84
30-0.02-1c,1c-1f,331,147.41
30-0.02-1c,1c-1f,332,147.72
30-0.02-1c,1c-1f,333,148.13
30-0.02-1c,1c-1f,334,148.70
30-0.02-1c,1c-1f,335,148.99
30-0.02-1c,1c-1f,336,149.71
30-0.02-1c,1c-1f,337,150.20
30-0.02-1c,1c-1f,338,150.58
30-0.02-1c,1c-1f,339,151.30
30-0.02-1c,1c-1f,340,151.74
30-0.02-1c,1c-1f,341,152.13
30-0.02-1c,1c-1f,342,152.36
30-0.02-1c,1c-1f,343,153.00
30-0.02-1c,1c-1f,344,155.34
30-0.02-1c,1c-1f,345,155.49
30-0.02-1c,1c-1f,346,155.55
30-0.02-1c,1c-1f,347,155.63
30-0.02-1c,1c-1f,348,157.06
30-0.02-1c,1c-1f,349,159.09
30-0.02-1c,1c-1f,350,159.99
30-0.02-1c,1c-1f,351,160.61
30-0.02-1c,1c-1f,352,161.20
30-0.02-1c,1c-1f,353,162.16
30-0.02-1c,1c-1f,354,162.62
30-0.02-1c,1c-1f,355,163.68
30-0.02-1c,1c-1f,356,164.10
30-0.02-1c,1c-1f,357,164.25
30-0.02-1c,1c-1f,358,164.36
30-0.02-1c,1c-1f,359,164.46
30-0.02-1c,1c-1f,360,164.89
30-0.02-1c,1c-1f,361,165.31
30-0.02-1c,1c-1f,362,165.74
30-0.02-1c,1c-1f,363,166.69
30-0.02-1c,1c-1f,364,167.02
30-0.02-1c,1c-1f,365,168.96
30-0.02-1c,1c-1f,366,169.78
30-0.02-1c,1c-1f,367,169.87
30-0.02-1c,1c-1f,368,170.08
30-0.02-1c,1c-1f,369,170.59
30-0.02-1c,1c-1f,370,170.95
30-0.02-1c,1c-1f,371,171.72
30-0.02-1c,1c-1f,372,172.19
30-0.02-1c,1c-1f,373,172.41
30-0.02-1c,1c-1f,374,172.49
30-0.02-1c,1c-1f,375,172.63
30-0.02-1c,1c-1f,376,172.75
30-0.02-1c,1c-1f,377,172.89
30-0.02-1c,1c-1f,378,173.14
30-0.02-1c,1c-1f,379,173.23
30-0.02-1c,1c-1f,380,173.32
30-0.02-1c,1c-1f,381,173.60
30-0.02-1c,1c-1f,382,174.17
30-0.02-1c,1c-1f,383,174.32
30-0.02-1c,1c-1f,384,174.67
30-0.02-1c,1c-1f,385,174.91
30-0.02-1c,1c-1f,386,175.47
30-0.02-1c,1c-1f,387,175.77
30-0.02-1c,1c-1f,388,177.07
30-0.02-1c,1c-1f,389,177.08
30-0.02-1c,1c-1f,390,177.10
30-0.02-1c,1c-1f,391,177.34
30-0.02-1c,1c-1f,392,177.52
30-0.02-1c,1c-1f,393,177.65
30-0.02-1c,1c-1f,394,177.72
30-0.02-1c,1c-1f,395,178.94
30-0.02-1c,1c-1f,396,179.15
30-0.02-1c,1c-1f,397,179.50
30-0.02-1c,1c-1f,398,179.63
30-0.02-1c,1c-1f,399,180.03
30-0.02-1c,1c-1f,400,181.38
30-0.02-1c,1c-1f,401,182.62
30-0.02-1c,1c-1f,402,182.72
30-0.02-1c,1c-1f,403,183.04
30-0.02-1c,1c-1f,404,183.13
30-0.02-1c,1c-1f,405,183.43
30-0.02-1c,1c-1f,406,183.88
30-0.02-1c,1c-1f,407,186.10
30-0.02-1c,1c-1f,408,186.14
30-0.02-1c,1c-1f,409,186.31
30-0.02-1c,1c-1f,410,186.96
30-0.02-1c,1c-1f,411,186.98
30-0.02-1c,1c-1f,412,187.23
30-0.02-1c,1c-1f,413,187.53
30-0.02-1c,1c-1f,414,187.62
30-0.02-1c,1c-1f,415,187.74
30-0.02-1c,1c-1f,416,187.96
30-0.02-1c,1c-1f,417,188.11
30-0.02-1c,1c-1f,418,188.28
30-0.02-1c,1c-1f,419,188.74
30-0.02-1c,1c-1f,420,188.76
30-0.02-1c,1c-1f,421,189.17
30-0.02-1c,1c-1f,422,189.44
30-0.02-1c,1c-1f,423,189.49
30-0.02-1c,1c-1f,424,189.54
30-0.02-1c,1c-1f,425,190.30
30-0.02-1c,1c-1f,426,190.75
30-0.02-1c,1c-1f,427,191.59
30-0.02-1c,1c-1f,428,192.24
30-0.02-1c,1c-1f,429,192.32
30-0.02-1c,1c-1f,430,192.44
30-0.02-1c,1c-1f,431,193.12
30-0.02-1c,1c-1f,432,193.28
30-0.02-1c,1c-1f,433,193.38
30-0.02-1c,1c-1f,434,194.18
30-0.02-1c,1c-1f,435,194.40
30-0.02-1c,1c-1f,436,194.83
30-0.02-1c,1c-1f,437,195.27
30-0.02-1c,1c-1f,438,195.43
30-0.02-1c,1c-1f,439,196.18
30-0.02-1c,1c-1f,440,196.30
30-0.02-1c,1c-1f,441,196.89
30-0.02-1c,1c-1f,442,198.29
30-0.02-1c,1c-1f,443,198.53
30-0.02-1c,1c-1f,444,199.06
30-0.02-1c,1c-1f,445,201.24
30-0.02-1c,1c-1f,446,201.98
30-0.02-1c,1c-1f,447,202.58
30-0.02-1c,1c-1f,448,204.24
30-0.02-1c,1c-1f,449,204.85
30-0.02-1c,1c-1f,450,206.71
30-0.02-1c,1c-1f,451,208.21
30-0.02-1c,1c-1f,452,209.64
30-0.02-1c,1c-1f,453,209.80
30-0.02-1c,1c-1f,454,209.83
30-0.02-1c,1c-1f,455,210.14
30-0.02-1c,1c-1f,456,210.24
30-0.02-1c,1c-1f,457,211.32
30-0.02-1c,1c-1f,458,212.83
30-0.02-1c,1c-1f,459,212.99
30-0.02-1c,1c-1f,460,214.33
30-0.02-1c,1c-1f,461,214.77
30-0.02-1c,1c-1f,462,215.07
30-0.02-1c,1c-1f,1,0.14
30-0.02-1c,1c-1f,2,0.15
30-0.02-1c,1c-1f,3,0.16
30-0.02-1c,1c-1f,4,0.20
30-0.02-1c,1c-1f,5,0.43
30-0.02-1c,1c-1f,6,0.51
30-0.02-1c,1c-1f,7,0.76
30-0.02-1c,1c-1f,8,0.85
30-0.02-1c,1c-1f,9,1.15
30-0.02-1c,1c-1f,10,1.49
30-0.02-1c,1c-1f,11,1.62
30-0.02-1c,1c-1f,12,2.03
30-0.02-1c,1c-1f,13,2.22
30-0.02-1c,1c-1f,14,2.36
30-0.02-1c,1c-1f,15,2.78
30-0.02-1c,1c-1f,16,3.23
30-0.02-1c,1c-1f,17,3.44
30-0.02-1c,1c-1f,18,3.51
30-0.02-1c,1c-1f,19,3.55
30-0.02-1c,1c-1f,20,4.28
30-0.02-1c,1c-1f,21,4.57
30-0.02-1c,1c-1f,22,4.86
30-0.02-1c,1c-1f,23,4.93
30-0.02-1c,1c-1f,24,5.00
30-0.02-1c,1c-1f,25,5.05
30-0.02-1c,1c-1f,26,5.36
30-0.02-1c,1c-1f,27,5.45
30-0.02-1c,1c-1f,28,5.52
30-0.02-1c,1c-1f,29,5.70
30-0.02-1c,1c-1f,30,5.75
30-0.02-1c,1c-1f,31,6.23
30-0.02-1c,1c-1f,32,7.56
30-0.02-1c,1c-1f,33,7.58
30-0.02-1c,1c-1f,34,8.21
30-0.02-1c,1c-1f,35,8.28
30-0.02-1c,1c-1f,36,8.45
30-0.02-1c,1c-1f,37,8.65
30-0.02-1c,1c-1f,38,8.80
30-0.02-1c,1c-1f,39,8.92
30-0.02-1c,1c-1f,40,9.04
30-0.02-1c,1c-1f,41,9.83
30-0.02-1c,1c-1f,42,10.68
30-0.02-1c,1c-1f,43,11.26
30-0.02-1c,1c-1f,44,12.08
30-0.02-1c,1c-1f,45,12.24
30-0.02-1c,1c-1f,46,12.85
30-0.02-1c,1c-1f,47,13.22
30-0.02-1c,1c-1f,48,13.46
30-0.02-1c,1c-1f,49,15.42
30-0.02-1c,1c-1f,50,15.64
30-0.02-1c,1c-1f,51,15.74
30-0.02-1c,1c-1f,52,15.81
30-0.02-1c,1c-1f,53,16.03
30-0.02-1c,1c-1f,54,16.51
30-0.02-1c,1c-1f,55,17.63
30-0.02-1c,1c-1f,56,17.68
30-0.02-1c,1c-1f,57,18.20
30-0.02-1c,1c-1f,58,20.36
30-0.02-1c,1c-1f,59,20.40
30-0.02-1c,1c-1f,60,20.71
30-0.02-1c,1c-1f,61,20.78
30-0.02-1c,1c-1f,62,20.91
30-0.02-1c,1c-1f,63,21.00
30-0.02-1c,1c-1f,64,21.04
30-0.02-1c,1c-1f,65,21.87
30-0.02-1c,1c-1f,66,22.11
30-0.02-1c,1c-1f,67,22.15
30-0.02-1c,1c-1f,68,22.61
30-0.02-1c,1c-1f,69,22.81
30-0.02-1c,1c-1f,70,23.40
30-0.02-1c,1c-1f,71,23.62
30-0.02-1c,1c-1f,72,24.73
30-0.02-1c,1c-1f,73,25.17
30-0.02-1c,1c-1f,74,25.52
30-0.02-1c,1c-1f,75,25.89
30-0.02-1c,1c-1f,76,26.00
30-0.02-1c,1c-1f,77,26.26
30-0.02-1c,1c-1f,78,26.37
30-0.02-1c,1c-1f,79,26.74
30-0.02-1c,1c-1f,80,27.82
30-0.02-1c,1c-1f,81,29.95
30-0.02-1c,1c-1f,82,30.21
30-0.02-1c,1c-1f,83,30.99
30-0.02-1c,1c-1f,84,31.83
30-0.02-1c,1c-1f,85,31.84
30-0.02-1c,1c-1f,86,32.35
30-0.02-1c,1c-1f,87,32.76
30-0.02-1c,1c-1f,88,33.98
30-0.02-1c,1c-1f,89,34.46
30-0.02-1c,1c-1f,90,36.27
30-0.02-1c,1c-1f,91,36.44
30-0.02-1c,1c-1f,92,36.76
30-0.02-1c,1c-1f,93,37.35
30-0.02-1c,1c-1f,94,37.63
30-0.02-1c,1c-1f,95,38.69
30-0.02-1c,1c-1f,96,39.64
30-0.02-1c,1c-1f,97,40.72
30-0.02-1c,1c-1f,98,40.90
30-0.02-1c,1c-1f,99,40.97
30-0.02-1c,1c-1f,100,40.99
30-0.02-1c,1c-1f,101,41.48
30-0.02-1c,1c-1f,102,41.54
30-0.02-1c,1c-1f,103,41.88
30-0.02-1c,1c-1f,104,42.73
30-0.02-1c,1c-1f,105,43.67
30-0.02-1c,1c-1f,106,44.51
30-0.02-1c,1c-1f,107,44.95
30-0.02-1c,1c-1f,108,47.29
30-0.02-1c,1c-1f,109,48.12
30-0.02-1c,1c-1f,110,48.46
30-0.02-1c,1c-1f,111,48.70
30-0.02-1c,1c-1f,112,50.34
30-0.02-1c,1c-1f,113,50.99
30-0.02-1c,1c-1f,114,51.10
30-0.02-1c,1c-1f,115,51.79
30-0.02-1c,1c-1f,116,52.11
30-0.02-1c,1c-1f,117,52.21
30-0.02-1c,1c-1f,118,54.10
30-0.02-1c,1c-1f,119,54.23
30-0.02-1c,1c-1f,120,55.27
30-0.02-1c,1c-1f,121,55.62
30-0.02-1c,1c-1f,122,55.81
30-0.02-1c,1c-1f,123,55.85
30-0.02-1c,1c-1f,124,56.25
30-0.02-1c,1c-1f,125,56.63
30-0.02-1c,1c-1f,126,56.69
30-0.02-1c,1c-1f,127,56.93
30-0.02-1c,1c-1f,128,57.66
30-0.02-1c,1c-1f,129,57.82
30-0.02-1c,1c-1f,130,58.46
30-0.02-1c,1c-1f,131,58.61
30-0.02-1c,1c-1f,132,59.05
30-0.02-1c,1c-1f,133,60.47
30-0.02-1c,1c-1f,134,61.81
30-0.02-1c,1c-1f,135,61.85
30-0.02-1c,1c-1f,136,61.98
30-0.02-1c,1c-1f,137,62.46
30-0.02-1c,1c-1f,138,62.59
30-0.02-1c,1c-1f,139,63.48
30-0.02-1c,1c-1f,140,64.79
30-0.02-1c,1c-1f,141,64.95
30-0.02-1c,1c-1f,142,65.48
30-0.02-1c,1c-1f,143,65.75
30-0.02-1c,1c-1f,144,65.79
30-0.02-1c,1c-1f,145,67.03
30-0.02-1c,1c-1f,146,67.79
30-0.02-1c,1c-1f,147,68.77
30-0.02-1c,1c-1f,148,68.85
30-0.02-1c,1c-1f,149,68.93
30-0.02-1c,1c-1f,150,69.13
30-0.02-1c,1c-1f,151,69.39
30-0.02-1c,1c-1f,152,69.77
30-0.02-1c,1c-1f,153,69.99
30-0.02-1c,1c-1f,154,70.13
30-0.02-1c,1c-1f,155,71.54
30-0.02-1c,1c-1f,156,72.55
30-0.02-1c,1c-1f,157,72.96
30-0.02-1c,1c-1f,158,73.13
30-0.02-1c,1c-1f,159,73.35
30-0.02-1c,1c-1f,160,74.58
30-0.02-1c,1c-1f,161,75.45
30-0.02-1c,1c-1f,162,75.84
30-0.02-1c,1c-1f,163,76.05
30-0.02-1c,1c-1f,164,76.49
30-0.02-1c,1c-1f,165,76.74
30-0.02-1c,1c-1f,166,76.91
30-0.02-1c,1c-1f,167,76.94
30-0.02-1c,1c-1f,168,77.42
30-0.02-1c,1c-1f,169,77.43
30-0.02-1c,1c-1f,170,77.61
30-0.02-1c,1c-1f,171,77.62
30-0.02-1c,1c-1f,172,78.11
30-0.02-1c,1c-1f,173,78.43
30-0.02-1c,1c-1f,174,78.56
30-0.02-1c,1c-1f,175,79.16
30-0.02-1c,1c-1f,176,79.37
30-0.02-1c,1c-1f,177,79.65
30-0.02-1c,1c-1f,178,80.48
30-0.02-1c,1c-1f,179,80.96
30-0.02-1c,1c-1f,180,81.61
30-0.02-1c,1c-1f,181,82.46
30-0.02-1c,1c-1f,182,82.63
30-0.02-1c,1c-1f,183,83.73
30-0.02-1c,1c-1f,184,84.02
30-0.02-1c,1c-1f,185,84.39
30-0.02-1c,1c-1f,186,84.61
30-0.02-1c,1c-1f,187,84.84
30-0.02-1c,1c-1f,188,85.08
30-0.02-1c,1c-1f,189,85.21
30-0.02-1c,1c-1f,190,85.54
30-0.02-1c,1c-1f,191,85.73
30-0.02-1c,1c-1f,192,85.81
30-0.02-1c,1c-1f,193,86.32
30-0.02-1c,1c-1f,194,86.99
30-0.02-1c,1c-1f,195,87.30
30-0.02-1c,1c-1f,196,88.05
30-0.02-1c,1c-1f,197,88.25
30-0.02-1c,1c-1f,198,88.33
30-0.02-1c,1c-1f,199,88.34
30-0.02-1c,1c-1f,200,88.59
30-0.02-1c,1c-1f,201,88.80
30-0.02-1c,1c-1f,202,89.01
30-0.02-1c,1c-1f,203,89.08
30-0.02-1c,1c-1f,204,89.23
30-0.02-1c,1c-1f,205,89.47
30-0.02-1c,1c-1f,206,89.58
30-0.02-1c,1c-1f,207,90.05
30-0.02-1c,1c-1f,208,92.86
30-0.02-1c,1c-1f,209,93.14
30-0.02-1c,1c-1f,210,93.92
30-0.02-1c,1c-1f,211,94.00
30-0.02-1c,1c-1f,212,94.30
30-0.02-1c,1c-1f,213,95.04
30-0.02-1c,1c-1f,214,96.91
30-0.02-1c,1c-1f,215,96.98
30-0.02-1c,1c-1f,216,97.82
30-0.02-1c,1c-1f,217,98.39
30-0.02-1c,1c-1f,218,98.58
30-0.02-1c,1c-1f,219,98.65
30-0.02-1c,1c-1f,220,99.02
30-0.02-1c,1c-1f,221,100.37
30-0.02-1c,1c-1f,222,100.59
30-0.02-1c,1c-1f,223,100.66
30-0.02-1c,1c-1f,224,100.91
30-0.02-1c,1c-1f,225,100.93
30-0.02-1c,1c-1f,226,100.94
30-0.02-1c,1c-1f,227,101.09
30-0.02-1c,1c-1f,228,102.01
30-0.02-1c,1c-1f,229,102.29
30-0.02-1c,1c-1f,230,103.29
30-0.02-1c,1c-1f,231,103.33
30-0.02-1c,1c-1f,232,103.52
30-0.02-1c,1c-1f,233,104.15
30-0.02-1c,1c-1f,234,104.32
30-0.02-1c,1c-1f,235,105.15
30-0.02-1c,1c-1f,236,105.25
30-0.02-1c,1c-1f,237,105.71
30-0.02-1c,1c-1f,238,106.39
30-0.02-1c,1c-1f,239,106.66
30-0.02-1c,1c-1f,240,106.80
30-0.02-1c,1c-1f,241,106.90
30-0.02-1c,1c-1f,242,106.91
30-0.02-1c,1c-1f,243,107.05
30-0.02-1c,1c-1f,244,107.30
30-0.02-1c,1c-1f,245,107.46
30-0.02-1c,1c-1f,246,107.56
30-0.02-1c,1c-1f,247,108.44
30-0.02-1c,1c-1f,248,108.46
30-0.02-1c,1c-1f,249,108.61
30-0.02-1c,1c-1f,250,109.13
30-0.02-1c,1c-1f,251,109.30
30-0.02-1c,1c-1f,252,109.53
30-0.02-1c,1c-1f,253,109.62
30-0.02-1c,1c-1f,254,110.49
30-0.02-1c,1c-1f,255,111.32
30-0.02-1c,1c-1f,256,111.64
30-0.02-1c,1c-1f,257,111.68
30-0.02-1c,1c-1f,258,111.74
30-0.02-1c,1c-1f,259,111.78
30-0.02-1c,1c-1f,260,112.20
30-0.02-1c,1c-1f,261,112.21
30-0.02-1c,1c-1f,262,112.41
30-0.02-1c,1c-1f,263,113.20
30-0.02-1c,1c-1f,264,113.46
30-0.02-1c,1c-1f,265,114.46
30-0.02-1c,1c-1f,266,115.25
30-0.02-1c,1c-1f,267,115.46
30-0.02-1c,1c-1f,268,115.60
30-0.02-1c,1c-1f,269,116.05
30-0.02-1c,1c-1f,270,116.38
30-0.02-1c,1c-1f,271,116.95
30-0.02-1c,1c-1f,272,117.51
30-0.02-1c,1c-1f,273,118.79
30-0.02-1c,1c-1f,274,118.98
30-0.02-1c,1c-1f,275,119.00
30-0.02-1c,1c-1f,276,119.35
30-0.02-1c,1c-1f,277,119.60
30-0.02-1c,1c-1f,278,120.49
30-0.02-1c,1c-1f,279,120.63
30-0.02-1c,1c-1f,280,121.80
30-0.02-1c,1c-1f,281,121.98
30-0.02-1c,1c-1f,282,122.31
30-0.02-1c,1c-1f,283,122.47
30-0.02-1c,1c-1f,284,122.48
30-0.02-1c,1c-1f,285,123.09
30-0.02-1c,1c-1f,286,123.78
30-0.02-1c,1c-1f,287,123.92
30-0.02-1c,1c-1f,288,125.04
30-0.02-1c,1c-1f,289,125.33
30-0.02-1c,1c-1f,290,125.91
30-0.02-1c,1c-1f,291,126.16
30-0.02-1c,1c-1f,292,126.93
30-0.02-1c,1c-1f,293,127.06
30-0.02-1c,1c-1f,294,127.17
30-0.02-1c,1c-1f,295,127.27
30-0.02-1c,1c-1f,296,127.30
30-0.02-1c,1c-1f,297,127.76
30-0.02-1c,1c-1f,298,128.75
30-0.02-1c,1c-1f,299,129.75
30-0.02-1c,1c-1f,300,129.77
30-0.02-1c,1c-1f,301,129.92
30-0.02-1c,1c-1f,302,131.27
30-0.02-1c,1c-1f,303,131.55
30-0.02-1c,1c-1f,304,131.64
30-0.02-1c,1c-1f,305,132.25
30-0.02-1c,1c-1f,306,134.60
30-0.02-1c,1c-1f,307,135.51
30-0.02-1c,1c-1f,308,135.54
30-0.02-1c,1c-1f,309,135.78
30-0.02-1c,1c-1f,310,135.93
30-0.02-1c,1c-1f,311,136.05
30-0.02-1c,1c-1f,312,136.61
30-0.02-1c,1c-1f,313,136.81
30-0.02-1c,1c-1f,314,136.92
30-0.02-1c,1c-1f,315,137.18
30-0.02-1c,1c-1f,316,137.34
30-0.02-1c,1c-1f,317,137.41
30-0.02-1c,1c-1f,318,138.70
30-0.02-1c,1c-1f,319,140.12
30-0.02-1c,1c-1f,320,140.94
30-0.02-1c,1c-1f,321,141.42
30-0.02-1c,1c-1f,322,141.88
30-0.02-1c,1c-1f,323,142.16
30-0.02-1c,1c-1f,324,142.79
30-0.02-1c,1c-1f,325,143.19
30-0.02-1c,1c-1f,326,143.95
30-0.02-1c,1c-1f,327,144.38
30-0.02-1c,1c-1f,328,144.48
30-0.02-1c,1c-1f,329,144.70
30-0.02-1c,1c-1f,330,146.31
30-0.02-1c,1c-1f,331,146.88
30-0.02-1c,1c-1f,332,147.18
30-0.02-1c,1c-1f,333,147.61
30-0.02-1c,1c-1f,334,148.09
30-0.02-1c,1c-1f,335,148.34
30-0.02-1c,1c-1f,336,149.06
30-0.02-1c,1c-1f,337,149.41
30-0.02-1c,1c-1f,338,149.71
30-0.02-1c,1c-1f,339,150.43
30-0.02-1c,1c-1f,340,150.89
30-0.02-1c,1c-1f,341,151.25
30-0.02-1c,1c-1f,342,151.48
30-0.02-1c,1c-1f,343,151.98
30-0.02-1c,1c-1f,344,154.18
30-0.02-1c,1c-1f,345,154.35
30-0.02-1c,1c-1f,346,154.42
30-0.02-1c,1c-1f,347,154.49
30-0.02-1c,1c-1f,348,155.96
30-0.02-1c,1c-1f,349,158.11
30-0.02-1c,1c-1f,350,158.99
30-0.02-1c,1c-1f,351,159.65
30-0.02-1c,1c-1f,352,160.38
30-0.02-1c,1c-1f,353,161.52
30-0.02-1c,1c-1f,354,162.06
30-0.02-1c,1c-1f,355,163.09
30-0.02-1c,1c-1f,356,163.43
30-0.02-1c,1c-1f,357,163.52
30-0.02-1c,1c-1f,358,163.64
30-0.02-1c,1c-1f,359,163.73
30-0.02-1c,1c-1f,360,164.12
30-0.02-1c,1c-1f,361,164.46
30-0.02-1c,1c-1f,362,164.80
30-0.02-1c,1c-1f,363,165.65
30-0.02-1c,1c-1f,364,166.05
30-0.02-1c,1c-1f,365,167.98
30-0.02-1c,1c-1f,366,168.82
30-0.02-1c,1c-1f,367,168.91
30-0.02-1c,1c-1f,368,169.13
30-0.02-1c,1c-1f,369,169.67
30-0.02-1c,1c-1f,370,170.02
30-0.02-1c,1c-1f,371,170.92
30-0.02-1c,1c-1f,372,171.49
30-0.02-1c,1c-1f,373,171.75
30-0.02-1c,1c-1f,374,171.87
30-0.02-1c,1c-1f,375,172.03
30-0.02-1c,1c-1f,376,172.13
30-0.02-1c,1c-1f,377,172.25
30-0.02-1c,1c-1f,378,172.50
30-0.02-1c,1c-1f,379,172.59
30-0.02-1c,1c-1f,380,172.68
30-0.02-1c,1c-1f,381,172.97
30-0.02-1c,1c-1f,382,173.52
30-0.02-1c,1c-1f,383,173.67
30-0.02-1c,1c-1f,384,174.05
30-0.02-1c,1c-1f,385,174.31
30-0.02-1c,1c-1f,386,174.75
30-0.02-1c,1c-1f,387,175.01
30-0.02-1c,1c-1f,388,176.35
30-0.02-1c,1c-1f,389,176.36
30-0.02-1c,1c-1f,390,176.38
30-0.02-1c,1c-1f,391,176.67
30-0.02-1c,1c-1f,392,176.90
30-0.02-1c,1c-1f,393,177.04
30-0.02-1c,1c-1f,394,177.11
30-0.02-1c,1c-1f,395,178.32
30-0.02-1c,1c-1f,396,178.56
30-0.02-1c,1c-1f,397,178.93
30-0.02-1c,1c-1f,398,179.07
30-0.02-1c,1c-1f,399,179.49
30-0.02-1c,1c-1f,400,180.83
30-0.02-1c,1c-1f,401,181.95
30-0.02-1c,1c-1f,402,182.05
30-0.02-1c,1c-1f,403,182.38
30-0.02-1c,1c-1f,404,182.45
30-0.02-1c,1c-1f,405,182.72
30-0.02-1c,1c-1f,406,183.10
30-0.02-1c,1c-1f,407,185.33
30-0.02-1c,1c-1f,408,185.36
30-0.02-1c,1c-1f,409,185.54
30-0.02-1c,1c-1f,410,186.18
30-0.02-1c,1c-1f,411,186.19
30-0.02-1c,1c-1f,412,186.49
30-0.02-1c,1c-1f,413,186.90
30-0.02-1c,1c-1f,414,187.02
30-0.02-1c,1c-1f,415,187.13
30-0.02-1c,1c-1f,416,187.35
30-0.02-1c,1c-1f,417,187.50
30-0.02-1c,1c-1f,418,187.67
30-0.02-1c,1c-1f,419,188.14
30-0.02-1c,1c-1f,420,188.16
30-0.02-1c,1c-1f,421,188.58
30-0.02-1c,1c-1f,422,188.90
30-0.02-1c,1c-1f,423,188.97
30-0.02-1c,1c-1f,424,189.01
30-0.02-1c,1c-1f,425,189.77
30-0.02-1c,1c-1f,426,190.10
30-0.02-1c,1c-1f,427,190.87
30-0.02-1c,1c-1f,428,191.46
30-0.02-1c,1c-1f,429,191.54
30-0.02-1c,1c-1f,430,191.67
30-0.02-1c,1c-1f,431,192.33
30-0.02-1c,1c-1f,432,192.49
30-0.02-1c,1c-1f,433,192.59
30-0.02-1c,1c-1f,434,193.25
30-0.02-1c,1c-1f,435,193.46
30-0.02-1c,1c-1f,436,193.87
30-0.02-1c,1c-1f,437,194.31
30-0.02-1c,1c-1f,438,194.47
30-0.02-1c,1c-1f,439,195.16
30-0.02-1c,1c-1f,440,195.29
30-0.02-1c,1c-1f,441,195.79
30-0.02-1c,1c-1f,442,197.09
30-0.02-1c,1c-1f,443,197.35
30-0.02-1c,1c-1f,444,197.92
30-0.02-1c,1c-1f,445,200.28
30-0.02-1c,1c-1f,446,201.04
30-0.02-1c,1c-1f,447,201.58
30-0.02-1c,1c-1f,448,203.31
30-0.02-1c,1c-1f,449,203.96
30-0.02-1c,1c-1f,450,205.87
30-0.02-1c,1c-1f,451,207.63
30-0.02-1c,1c-1f,452,209.03
30-0.02-1c,1c-1f,453,209.20
30-0.02-1c,1c-1f,454,209.23
30-0.02-1c,1c-1f,455,209.57
30-0.02-1c,1c-1f,456,209.67
30-0.02-1c,1c-1f,457,210.80
30-0.02-1c,1c-1f,458,212.20
30-0.02-1c,1c-1f,459,212.36
30-0.02-1c,1c-1f,460,213.80
30-0.02-1c,1c-1f,461,214.28
30-0.02-1c,1c-1f,462,214.61
30-0.02-1c,1c-1f,1,0.14
30-0.02-1c,1c-1f,2,0.15
30-0.02-1c,1c-1f,3,0.16
30-0.02-1c,1c-1f,4,0.20
30-0.02-1c,1c-1f,5,0.51
30-0.02-1c,1c-1f,6,0.61
30-0.02-1c,1c-1f,7,0.91
30-0.02-1c,1c-1f,8,1.01
30-0.02-1c,1c-1f,9,1.33
30-0.02-1c,1c-1f,10,1.78
30-0.02-1c,1c-1f,11,1.91
30-0.02-1c,1c-1f,12,2.32
30-0.02-1c,1c-1f,13,2.47
30-0.02-1c,1c-1f,14,2.61
30-0.02-1c,1c-1f,15,3.04
30-0.02-1c,1c-1f,16,3.50
30-0.02-1c,1c-1f,17,3.73
30-0.02-1c,1c-1f,18,3.81
30-0.02-1c,1c-1f,19,3.86
30-0.02-1c,1c-1f,20,4.64
30-0.02-1c,1c-1f,21,4.87
30-0.02-1c,1c-1f,22,5.10
30-0.02-1c,1c-1f,23,5.15
30-0.02-1c,1c-1f,24,5.20
30-0.02-1c,1c-1f,25,5.25
30-0.02-1c,1c-1f,26,5.58
30-0.02-1c,1c-1f,27,5.70
30-0.02-1c,1c-1f,28,5.80
30-0.02-1c,1c-1f,29,6.04
30-0.02-1c,1c-1f,30,6.11
30-0.02-1c,1c-1f,31,6.60
30-0.02-1c,1c-1f,32,8.01
30-0.02-1c,1c-1f,33,8.03
30-0.02-1c,1c-1f,34,8.68
30-0.02-1c,1c-1f,35,8.76
30-0.02-1c,1c-1f,36,8.93
30-0.02-1c,1c-1f,37,9.19
30-0.02-1c,1c-1f,38,9.39
30-0.02-1c,1c-1f,39,9.51
30-0.02-1c,1c-1f,40,9.63
30-0.02-1c,1c-1f,41,10.25
30-0.02-1c,1c-1f,42,11.13
30-0.02-1c,1c-1f,43,11.93
30-0.02-1c,1c-1f,44,13.00
30-0.02-1c,1c-1f,45,13.20
30-0.02-1c,1c-1f,46,13.92
30-0.02-1c,1c-1f,47,14.24
30-0.02-1c,1c-1f,48,14.49
30-0.02-1c,1c-1f,49,16.49
30-0.02-1c,1c-1f,50,16.67
30-0.02-1c,1c-1f,51,16.77
30-0.02-1c,1c-1f,52,16.86
30-0.02-1c,1c-1f,53,17.10
30-0.02-1c,1c-1f,54,17.60
30-0.02-1c,1c-1f,55,18.99
30-0.02-1c,1c-1f,56,19.04
30-0.02-1c,1c-1f,57,19.48
30-0.02-1c,1c-1f,58,21.61
30-0.02-1c,1c-1f,59,21.65
30-0.02-1c,1c-1f,60,21.97
30-0.02-1c,1c-1f,61,22.04
30-0.02-1c,1c-1f,62,22.18
30-0.02-1c,1c-1f,63,22.30
30-0.02-1c,1c-1f,64,22.35
30-0.02-1c,1c-1f,65,23.30
30-0.02-1c,1c-1f,66,23.57
30-0.02-1c,1c-1f,67,23.64
30-0.02-1c,1c-1f,68,24.28
30-0.02-1c,1c-1f,69,24.49
30-0.02-1c,1c-1f,70,25.10
30-0.02-1c,1c-1f,71,25.33
30-0.02-1c,1c-1f,72,26.54
30-0.02-1c,1c-1f,73,26.96
30-0.02-1c,1c-1f,74,27.38
30-0.02-1c,1c-1f,75,27.83
30-0.02-1c,1c-1f,76,28.00
30-0.02-1c,1c-1f,77,28.36
30-0.02-1c,1c-1f,78,28.53
30-0.02-1c,1c-1f,79,29.05
30-0.02-1c,1c-1f,80,30.26
30-0.02-1c,1c-1f,81,32.86
30-0.02-1c,1c-1f,82,33.17
30-0.02-1c,1c-1f,83,33.88
30-0.02-1c,1c-1f,84,34.53
30-0.02-1c,1c-1f,85,34.54
30-0.02-1c,1c-1f,86,35.13
30-0.02-1c,1c-1f,87,35.56
30-0.02-1c,1c-1f,88,36.57
30-0.02-1c,1c-1f,89,37.00
30-0.02-1c,1c-1f,90,38.73
30-0.02-1c,1c-1f,91,38.88
30-0.02-1c,1c-1f,92,39.15
30-0.02-1c,1c-1f,93,39.76
30-0.02-1c,1c-1f,94,40.03
30-0.02-1c,1c-1f,95,41.02
30-0.02-1c,1c-1f,96,42.04
30-0.02-1c,1c-1f,97,43.15
30-0.02-1c,1c-1f,98,43.32
30-0.02-1c,1c-1f,99,43.42
30-0.02-1c,1c-1f,100,43.44
30-0.02-1c,1c-1f,101,44.07
30-0.02-1c,1c-1f,102,44.13
30-0.02-1c,1c-1f,103,44.42
30-0.02-1c,1c-1f,104,45.22
30-0.02-1c,1c-1f,105,46.16
30-0.02-1c,1c-1f,106,46.99
30-0.02-1c,1c-1f,107,47.44
30-0.02-1c,1c-1f,108,49.86
30-0.02-1c,1c-1f,109,50.77
30-0.02-1c,1c-1f,110,51.21
30-0.02-1c,1c-1f,111,51.45
30-0.02-1c,1c-1f,112,53.06
30-0.02-1c,1c-1f,113,53.58
30-0.02-1c,1c-1f,114,53.68
30-0.02-1c,1c-1f,115,54.29
30-0.02-1c,1c-1f,116,54.59
30-0.02-1c,1c-1f,117,54.71
30-0.02-1c,1c-1f,118,56.48
30-0.02-1c,1c-1f,119,56.61
30-0.02-1c,1c-1f,120,57.48
30-0.02-1c,1c-1f,121,57.80
30-0.02-1c,1c-1f,122,57.97
30-0.02-1c,1c-1f,123,58.00
30-0.02-1c,1c-1f,124,58.40
30-0.02-1c,1c-1f,125,58.86
30-0.02-1c,1c-1f,126,58.92
30-0.02-1c,1c-1f,127,59.16
30-0.02-1c,1c-1f,128,59.84
30-0.02-1c,1c-1f,129,59.99
30-0.02-1c,1c-1f,130,60.64
30-0.02-1c,1c-1f,131,60.79
30-0.02-1c,1c-1f,132,61.20
30-0.02-1c,1c-1f,133,62.54
30-0.02-1c,1c-1f,134,63.86
30-0.02-1c,1c-1f,135,63.91
30-0.02-1c,1c-1f,136,64.04
30-0.02-1c,1c-1f,137,64.58
30-0.02-1c,1c-1f,138,64.76
30-0.02-1c,1c-1f,139,65.74
30-0.02-1c,1c-1f,140,67.01
30-0.02-1c,1c-1f,141,67.17
30-0.02-1c,1c-1f,142,67.66
30-0.02-1c,1c-1f,143,67.90
30-0.02-1c,1c-1f,144,67.94
30-0.02-1c,1c-1f,145,69.03
30-0.02-1c,1c-1f,146,69.76
30-0.02-1c,1c-1f,147,70.97
30-0.02-1c,1c-1f,148,71.06
30-0.02-1c,1c-1f,149,71.17
30-0.02-1c,1c-1f,150,71.35
30-0.02-1c,1c-1f,151,71.57
30-0.02-1c,1c-1f,152,71.91
30-0.02-1c,1c-1f,153,72.11
30-0.02-1c,1c-1f,154,72.27
30-0.02-1c,1c-1f,155,73.73
30-0.02-1c,1c-1f,156,74.60
30-0.02-1c,1c-1f,157,74.99
30-0.02-1c,1c-1f,158,75.13
30-0.02-1c,1c-1f,159,75.31
30-0.02-1c,1c-1f,160,76.45
30-0.02-1c,1c-1f,161,77.35
30-0.02-1c,1c-1f,162,77.73
30-0.02-1c,1c-1f,163,77.94
30-0.02-1c,1c-1f,164,78.44
30-0.02-1c,1c-1f,165,78.74
30-0.02-1c,1c-1f,166,78.92
30-0.02-1c,1c-1f,167,78.95
30-0.02-1c,1c-1f,168,79.39
30-0.02-1c,1c-1f,169,79.40
30-0.02-1c,1c-1f,170,79.53
30-0.02-1c,1c-1f,171,79.54
30-0.02-1c,1c-1f,172,79.89
30-0.02-1c,1c-1f,173,80.20
30-0.02-1c,1c-1f,174,80.38
30-0.02-1c,1c-1f,175,81.05
30-0.02-1c,1c-1f,176,81.26
30-0.02-1c,1c-1f,177,81.55
30-0.02-1c,1c-1f,178,82.44
30-0.02-1c,1c-1f,179,83.10
30-0.02-1c,1c-1f,180,83.79
30-0.02-1c,1c-1f,181,84.56
30-0.02-1c,1c-1f,182,84.72
30-0.02-1c,1c-1f,183,85.59
30-0.02-1c,1c-1f,184,85.81
30-0.02-1c,1c-1f,185,86.19
30-0.02-1c,1c-1f,186,86.46
30-0.02-1c,1c-1f,187,86.74
30-0.02-1c,1c-1f,188,87.01
30-0.02-1c,1c-1f,189,87.14
30-0.02-1c,1c-1f,190,87.50
30-0.02-1c,1c-1f,191,87.77
30-0.02-1c,1c-1f,192,87.85
30-0.02-1c,1c-1f,193,88.36
30-0.02-1c,1c-1f,194,89.02
30-0.02-1c,1c-1f,195,89.33
30-0.02-1c,1c-1f,196,90.06
30-0.02-1c,1c-1f,197,90.26
30-0.02-1c,1c-1f,198,90.33
30-0.02-1c,1c-1f,199,90.35
30-0.02-1c,1c-1f,200,90.60
30-0.02-1c,1c-1f,201,90.82
30-0.02-1c,1c-1f,202,91.04
30-0.02-1c,1c-1f,203,91.10
30-0.02-1c,1c-1f,204,91.26
30-0.02-1c,1c-1f,205,91.49
30-0.02-1c,1c-1f,206,91.61
30-0.02-1c,1c-1f,207,92.06
30-0.02-1c,1c-1f,208,95.19
30-0.02-1c,1c-1f,209,95.54
30-0.02-1c,1c-1f,210,96.53
30-0.02-1c,1c-1f,211,96.60
30-0.02-1c,1c-1f,212,96.83
30-0.02-1c,1c-1f,213,97.48
30-0.02-1c,1c-1f,214,98.89
30-0.02-1c,1c-1f,215,98.95
30-0.02-1c,1c-1f,216,99.85
30-0.02-1c,1c-1f,217,100.37
30-0.02-1c,1c-1f,218,100.59
30-0.02-1c,1c-1f,219,100.68
30-0.02-1c,1c-1f,220,101.04
30-0.02-1c,1c-1f,221,102.42
30-0.02-1c,1c-1f,222,102.65
30-0.02-1c,1c-1f,223,102.72
30-0.02-1c,1c-1f,224,102.96
30-0.02-1c,1c-1f,225,102.98
30-0.02-1c,1c-1f,226,102.99
30-0.02-1c,1c-1f,227,103.14
30-0.02-1c,1c-1f,228,103.92
30-0.02-1c,1c-1f,229,104.12
30-0.02-1c,1c-1f,230,104.98
30-0.02-1c,1c-1f,231,105.01
30-0.02-1c,1c-1f,232,105.17
30-0.02-1c,1c-1f,233,105.70
30-0.02-1c,1c-1f,234,105.87
30-0.02-1c,1c-1f,235,106.73
30-0.02-1c,1c-1f,236,106.85
30-0.02-1c,1c-1f,237,107.29
30-0.02-1c,1c-1f,238,107.92
30-0.02-1c,1c-1f,239,108.18
30-0.02-1c,1c-1f,240,108.29
30-0.02-1c,1c-1f,241,108.37
30-0.02-1c,1c-1f,242,108.39
30-0.02-1c,1c-1f,243,108.50
30-0.02-1c,1c-1f,244,108.69
30-0.02-1c,1c-1f,245,108.81
30-0.02-1c,1c-1f,246,108.91
30-0.02-1c,1c-1f,247,109.85
30-0.02-1c,1c-1f,248,109.86
30-0.02-1c,1c-1f,249,110.00
30-0.02-1c,1c-1f,250,110.44
30-0.02-1c,1c-1f,251,110.56
30-0.02-1c,1c-1f,252,110.73
30-0.02-1c,1c-1f,253,110.80
30-0.02-1c,1c-1f,254,111.48
30-0.02-1c,1c-1f,255,112.23
30-0.02-1c,1c-1f,256,112.47
30-0.02-1c,1c-1f,257,112.50
30-0.02-1c,1c-1f,258,112.54
30-0.02-1c,1c-1f,259,112.58
30-0.02-1c,1c-1f,260,112.89
30-0.02-1c,1c-1f,261,112.90
30-0.02-1c,1c-1f,262,113.08
30-0.02-1c,1c-1f,263,113.86
30-0.02-1c,1c-1f,264,114.19
30-0.02-1c,1c-1f,265,115.31
30-0.02-1c,1c-1f,266,116.12
30-0.02-1c,1c-1f,267,116.34
30-0.02-1c,1c-1f,268,116.48
30-0.02-1c,1c-1f,269,116.88
30-0.02-1c,1c-1f,270,117.17
30-0.02-1c,1c-1f,271,117.86
30-0.02-1c,1c-1f,272,118.42
30-0.02-1c,1c-1f,273,119.67
30-0.02-1c,1c-1f,274,119.84
30-0.02-1c,1c-1f,275,119.86
30-0.02-1c,1c-1f,276,120.21
30-0.02-1c,1c-1f,277,120.49
30-0.02-1c,1c-1f,278,121.17
30-0.02-1c,1c-1f,279,121.29
30-0.02-1c,1c-1f,280,122.44
30-0.02-1c,1c-1f,281,122.63
30-0.02-1c,1c-1f,282,122.98
30-0.02-1c,1c-1f,283,123.17
30-0.02-1c,1c-1f,284,123.17
30-0.02-1c,1c-1f,285,123.83
30-0.02-1c,1c-1f,286,124.61
30-0.02-1c,1c-1f,287,124.76
30-0.02-1c,1c-1f,288,125.83
30-0.02-1c,1c-1f,289,126.04
30-0.02-1c,1c-1f,290,126.58
30-0.02-1c,1c-1f,291,126.78
30-0.02-1c,1c-1f,292,127.61
30-0.02-1c,1c-1f,293,127.74
30-0.02-1c,1c-1f,294,127.85
30-0.02-1c,1c-1f,295,127.96
30-0.02-1c,1c-1f,296,127.99
30-0.02-1c,1c-1f,297,128.41
30-0.02-1c,1c-1f,298,129.32
30-0.02-1c,1c-1f,299,130.35
30-0.02-1c,1c-1f,300,130.36
30-0.02-1c,1c-1f,301,130.50
30-0.02-1c,1c-1f,302,131.70
30-0.02-1c,1c-1f,303,131.91
30-0.02-1c,1c-1f,304,131.98
30-0.02-1c,1c-1f,305,132.50
30-0.02-1c,1c-1f,306,134.94
30-0.02-1c,1c-1f,307,135.79
30-0.02-1c,1c-1f,308,135.81
30-0.02-1c,1c-1f,309,136.08
30-0.02-1c,1c-1f,310,136.25
30-0.02-1c,1c-1f,311,136.41
30-0.02-1c,1c-1f,312,137.12
30-0.02-1c,1c-1f,313,137.35
30-0.02-1c,1c-1f,314,137.44
30-0.02-1c,1c-1f,315,137.64
30-0.02-1c,1c-1f,316,137.77
30-0.02-1c,1c-1f,317,137.83
30-0.02-1c,1c-1f,318,139.06
30-0.02-1c,1c-1f,319,140.48
30-0.02-1c,1c-1f,320,141.18
30-0.02-1c,1c-1f,321,141.55
30-0.02-1c,1c-1f,322,142.08
30-0.02-1c,1c-1f,323,142.31
30-0.02-1c,1c-1f,324,143.02
30-0.02-1c,1c-1f,325,143.55
30-0.02-1c,1c-1f,326,144.57
30-0.02-1c,1c-1f,327,145.10
30-0.02-1c,1c-1f,328,145.20
30-0.02-1c,1c-1f,329,145.44
30-0.02-1c,1c-1f,330,147.02
30-0.02-1c,1c-1f,331,147.55
30-0.02-1c,1c-1f,332,147.80
30-0.02-1c,1c-1f,333,148.13
30-0.02-1c,1c-1f,334,148.76
30-0.02-1c,1c-1f,335,149.09
30-0.02-1c,1c-1f,336,149.67
30-0.02-1c,1c-1f,337,150.13
30-0.02-1c,1c-1f,338,150.53
30-0.02-1c,1c-1f,339,151.21
30-0.02-1c,1c-1f,340,151.77
30-0.02-1c,1c-1f,341,152.27
30-0.02-1c,1c-1f,342,152.59
30-0.02-1c,1c-1f,343,153.20
30-0.02-1c,1c-1f,344,155.56
30-0.02-1c,1c-1f,345,155.71
30-0.02-1c,1c-1f,346,155.77
30-0.02-1c,1c-1f,347,155.83
30-0.02-1c,1c-1f,348,156.96
30-0.02-1c,1c-1f,349,158.64
30-0.02-1c,1c-1f,350,159.53
30-0.02-1c,1c-1f,351,160.07
30-0.02-1c,1c-1f,352,160.74
30-0.02-1c,1c-1f,353,161.95
30-0.02-1c,1c-1f,354,162.49
30-0.02-1c,1c-1f,355,163.58
30-0.02-1c,1c-1f,356,164.02
30-0.02-1c,1c-1f,357,164.16
30-0.02-1c,1c-1f,358,164.27
30-0.02-1c,1c-1f,359,164.36
30-0.02-1c,1c-1f,360,164.78
30-0.02-1c,1c-1f,361,165.19
30-0.02-1c,1c-1f,362,165.60
30-0.02-1c,1c-1f,363,166.53
30-0.02-1c,1c-1f,364,166.96
30-0.02-1c,1c-1f,365,168.90
30-0.02-1c,1c-1f,366,169.60
30-0.02-1c,1c-1f,367,169.69
30-0.02-1c,1c-1f,368,169.90
30-0.02-1c,1c-1f,369,170.34
30-0.02-1c,1c-1f,370,170.64
30-0.02-1c,1c-1f,371,171.58
30-0.02-1c,1c-1f,372,172.14
30-0.02-1c,1c-1f,373,172.39
30-0.02-1c,1c-1f,374,172.50
30-0.02-1c,1c-1f,375,172.66
30-0.02-1c,1c-1f,376,172.77
30-0.02-1c,1c-1f,377,172.92
30-0.02-1c,1c-1f,378,173.15
30-0.02-1c,1c-1f,379,173.25
30-0.02-1c,1c-1f,380,173.34
30-0.02-1c,1c-1f,381,173.65
30-0.02-1c,1c-1f,382,174.30
30-0.02-1c,1c-1f,383,174.46
30-0.02-1c,1c-1f,384,174.86
30-0.02-1c,1c-1f,385,175.09
30-0.02-1c,1c-1f,386,175.56
30-0.02-1c,1c-1f,387,175.85
30-0.02-1c,1c-1f,388,177.28
30-0.02-1c,1c-1f,389,177.29
30-0.02-1c,1c-1f,390,177.31
30-0.02-1c,1c-1f,391,177.62
30-0.02-1c,1c-1f,392,177.85
30-0.02-1c,1c-1f,393,177.99
30-0.02-1c,1c-1f,394,178.07
30-0.02-1c,1c-1f,395,179.25
30-0.02-1c,1c-1f,396,179.47
30-0.02-1c,1c-1f,397,179.82
30-0.02-1c,1c-1f,398,179.94
30-0.02-1c,1c-1f,399,180.31
30-0.02-1c,1c-1f,400,181.58
30-0.02-1c,1c-1f,401,182.83
30-0.02-1c,1c-1f,402,182.94
30-0.02-1c,1c-1f,403,183.21
30-0.02-1c,1c-1f,404,183.28
30-0.02-1c,1c-1f,405,183.61
30-0.02-1c,1c-1f,406,184.08
30-0.02-1c,1c-1f,407,186.37
30-0.02-1c,1c-1f,408,186.40
30-0.02-1c,1c-1f,409,186.58
30-0.02-1c,1c-1f,410,187.25
30-0.02-1c,1c-1f,411,187.26
30-0.02-1c,1c-1f,412,187.53
30-0.02-1c,1c-1f,413,187.86
30-0.02-1c,1c-1f,414,187.95
30-0.02-1c,1c-1f,415,188.04
30-0.02-1c,1c-1f,416,188.20
30-0.02-1c,1c-1f,417,188.32
30-0.02-1c,1c-1f,418,188.48
30-0.02-1c,1c-1f,419,188.95
30-0.02-1c,1c-1f,420,188.97
30-0.02-1c,1c-1f,421,189.34
30-0.02-1c,1c-1f,422,189.60
30-0.02-1c,1c-1f,423,189.67
30-0.02-1c,1c-1f,424,189.71
30-0.02-1c,1c-1f,425,190.49
30-0.02-1c,1c-1f,426,190.77
30-0.02-1c,1c-1f,427,191.43
30-0.02-1c,1c-1f,428,192.00
30-0.02-1c,1c-1f,429,192.08
30-0.02-1c,1c-1f,430,192.21
30-0.02-1c,1c-1f,431,192.86
30-0.02-1c,1c-1f,432,193.01
30-0.02-1c,1c-1f,433,193.09
30-0.02-1c,1c-1f,434,193.81
30-0.02-1c,1c-1f,435,194.07
30-0.02-1c,1c-1f,436,194.44
30-0.02-1c,1c-1f,437,194.75
30-0.02-1c,1c-1f,438,194.87
30-0.02-1c,1c-1f,439,195.56
30-0.02-1c,1c-1f,440,195.68
30-0.02-1c,1c-1f,441,196.11
30-0.02-1c,1c-1f,442,197.42
30-0.02-1c,1c-1f,443,197.67
30-0.02-1c,1c-1f,444,198.23
30-0.02-1c,1c-1f,445,200.21
30-0.02-1c,1c-1f,446,201.01
30-0.02-1c,1c-1f,447,201.61
30-0.02-1c,1c-1f,448,203.12
30-0.02-1c,1c-1f,449,203.78
30-0.02-1c,1c-1f,450,205.65
30-0.02-1c,1c-1f,451,207.33
30-0.02-1c,1c-1f,452,208.62
30-0.02-1c,1c-1f,453,208.74
30-0.02-1c,1c-1f,454,208.76
30-0.02-1c,1c-1f,455,209.03
30-0.02-1c,1c-1f,456,209.10
30-0.02-1c,1c-1f,457,210.00
30-0.02-1c,1c-1f,458,211.65
30-0.02-1c,1c-1f,459,211.82
30-0.02-1c,1c-1f,460,213.03
30-0.02-1c,1c-1f,461,213.50
30-0.02-1c,1c-1f,462,213.79
30-0.02-1c,1c-1f,1,0.14
30-0.02-1c,1c-1f,2,0.15
30-0.02-1c,1c-1f,3,0.16
30-0.02-1c,1c-1f,4,0.20
30-0.02-1c,1c-1f,5,0.40
30-0.02-1c,1c-1f,6,0.48
30-0.02-1c,1c-1f,7,0.71
30-0.02-1c,1c-1f,8,0.78
30-0.02-1c,1c-1f,9,1.03
30-0.02-1c,1c-1f,10,1.46
30-0.02-1c,1c-1f,11,1.61
30-0.02-1c,1c-1f,12,2.03
30-0.02-1c,1c-1f,13,2.19
30-0.02-1c,1c-1f,14,2.32
30-0.02-1c,1c-1f,15,2.67
30-0.02-1c,1c-1f,16,3.04
30-0.02-1c,1c-1f,17,3.28
30-0.02-1c,1c-1f,18,3.37
30-0.02-1c,1c-1f,19,3.42
30-0.02-1c,1c-1f,20,4.14
30-0.02-1c,1c-1f,21,4.37
30-0.02-1c,1c-1f,22,4.63
30-0.02-1c,1c-1f,23,4.69
30-0.02-1c,1c-1f,24,4.75
30-0.02-1c,1c-1f,25,4.80
30-0.02-1c,1c-1f,26,5.17
30-0.02-1c,1c-1f,27,5.28
30-0.02-1c,1c-1f,28,5.36
30-0.02-1c,1c-1f,29,5.57
30-0.02-1c,1c-1f,30,5.64
30-0.02-1c,1c-1f,31,6.10
30-0.02-1c,1c-1f,32,7.38
30-0.02-1c,1c-1f,33,7.40
30-0.02-1c,1c-1f,34,8.02
30-0.02-1c,1c-1f,35,8.13
30-0.02-1c,1c-1f,36,8.37
30-0.02-1c,1c-1f,37,8.67
30-0.02-1c,1c-1f,38,8.90
30-0.02-1c,1c-1f,39,9.02
30-0.02-1c,1c-1f,40,9.15
30-0.02-1c,1c-1f,41,10.02
30-0.02-1c,1c-1f,42,11.05
30-0.02-1c,1c-1f,43,11.69
30-0.02-1c,1c-1f,44,12.62
30-0.02-1c,1c-1f,45,12.77
30-0.02-1c,1c-1f,46,13.39
30-0.02-1c,1c-1f,47,13.76
30-0.02-1c,1c-1f,48,13.97
30-0.02-1c,1c-1f,49,15.71
30-0.02-1c,1c-1f,50,15.97
30-0.02-1c,1c-1f,51,16.10
30-0.02-1c,1c-1f,52,16.20
30-0.02-1c,1c-1f,53,16.45
30-0.02-1c,1c-1f,54,16.98
30-0.02-1c,1c-1f,55,18.38
30-0.02-1c,1c-1f,56,18.42
30-0.02-1c,1c-1f,57,18.91
30-0.02-1c,1c-1f,58,21.20
30-0.02-1c,1c-1f,59,21.23
30-0.02-1c,1c-1f,60,21.49
30-0.02-1c,1c-1f,61,21.53
30-0.02-1c,1c-1f,62,21.63
30-0.02-1c,1c-1f,63,21.71
30-0.02-1c,1c-1f,64,21.76
30-0.02-1c,1c-1f,65,22.55
30-0.02-1c,1c-1f,66,22.80
30-0.02-1c,1c-1f,67,22.86
30-0.02-1c,1c-1f,68,23.49
30-0.02-1c,1c-1f,69,23.69
30-0.02-1c,1c-1f,70,24.25
30-0.02-1c,1c-1f,71,24.47
30-0.02-1c,1c-1f,72,25.53
30-0.02-1c,1c-1f,73,25.93
30-0.02-1c,1c-1f,74,26.36
30-0.02-1c,1c-1f,75,26.88
30-0.02-1c,1c-1f,76,27.05
30-0.02-1c,1c-1f,77,27.39
30-0.02-1c,1c-1f,78,27.55
30-0.02-1c,1c-1f,79,28.03
30-0.02-1c,1c-1f,80,29.10
30-0.02-1c,1c-1f,81,31.22
30-0.02-1c,1c-1f,82,31.55
30-0.02-1c,1c-1f,83,32.44
30-0.02-1c,1c-1f,84,33.25
30-0.02-1c,1c-1f,85,33.27
30-0.02-1c,1c-1f,86,33.89
30-0.02-1c,1c-1f,87,34.33
30-0.02-1c,1c-1f,88,35.50
30-0.02-1c,1c-1f,89,35.93
30-0.02-1c,1c-1f,90,37.74
30-0.02-1c,1c-1f,91,37.92
30-0.02-1c,1c-1f,92,38.28
30-0.02-1c,1c-1f,93,38.77
30-0.02-1c,1c-1f,94,39.07
30-0.02-1c,1c-1f,95,40.09
30-0.02-1c,1c-1f,96,41.06
30-0.02-1c,1c-1f,97,42.15
30-0.02-1c,1c-1f,98,42.35
30-0.02-1c,1c-1f,99,42.43
30-0.02-1c,1c-1f,100,42.45
30-0.02-1c,1c-1f,101,43.01
30-0.02-1c,1c-1f,102,43.08
30-0.02-1c,1c-1f,103,43.33
30-0.02-1c,1c-1f,104,44.05
30-0.02-1c,1c-1f,105,44.92
30-0.02-1c,1c-1f,106,45.52
30-0.02-1c,1c-1f,107,45.95
30-0.02-1c,1c-1f,108,48.10
30-0.02-1c,1c-1f,109,48.96
30-0.02-1c,1c-1f,110,49.36
30-0.02-1c,1c-1f,111,49.61
30-0.02-1c,1c-1f,112,51.28
30-0.02-1c,1c-1f,113,51.92
30-0.02-1c,1c-1f,114,52.00
30-0.02-1c,1c-1f,115,52.58
30-0.02-1c,1c-1f,116,52.92
30-0.02-1c,1c-1f,117,53.07
30-0.02-1c,1c-1f,118,54.94
30-0.02-1c,1c-1f,119,55.08
30-0.02-1c,1c-1f,120,56.07
30-0.02-1c,1c-1f,121,56.46
30-0.02-1c,1c-1f,122,56.63
30-0.02-1c,1c-1f,123,56.66
30-0.02-1c,1c-1f,124,57.09
30-0.02-1c,1c-1f,125,57.50
30-0.02-1c,1c-1f,126,57.56
30-0.02-1c,1c-1f,127,57.85
30-0.02-1c,1c-1f,128,58.55
30-0.02-1c,1c-1f,129,58.70
30-0.02-1c,1c-1f,130,59.26
30-0.02-1c,1c-1f,131,59.39
30-0.02-1c,1c-1f,132,59.73
30-0.02-1c,1c-1f,133,60.98
30-0.02-1c,1c-1f,134,62.33
30-0.02-1c,1c-1f,135,62.38
30-0.02-1c,1c-1f,136,62.52
30-0.02-1c,1c-1f,137,63.09
30-0.02-1c,1c-1f,138,63.27
30-0.02-1c,1c-1f,139,64.35
30-0.02-1c,1c-1f,140,65.74
30-0.02-1c,1c-1f,141,65.92
30-0.02-1c,1c-1f,142,66.46
30-0.02-1c,1c-1f,143,66.72
30-0.02-1c,1c-1f,144,66.76
30-0.02-1c,1c-1f,145,67.97
30-0.02-1c,1c-1f,146,68.74
30-0.02-1c,1c-1f,147,70.00
30-0.02-1c,1c-1f,148,70.08
30-0.02-1c,1c-1f,149,70.20
30-0.02-1c,1c-1f,150,70.39
30-0.02-1c,1c-1f,151,70.62
30-0.02-1c,1c-1f,152,70.99
30-0.02-1c,1c-1f,153,71.21
30-0.02-1c,1c-1f,154,71.36
30-0.02-1c,1c-1f,155,72.73
30-0.02-1c,1c-1f,156,73.76
30-0.02-1c,1c-1f,157,74.17
30-0.02-1c,1c-1f,158,74.35
30-0.02-1c,1c-1f,159,74.58
30-0.02-1c,1c-1f,160,75.77
30-0.02-1c,1c-1f,161,76.66
30-0.02-1c,1c-1f,162,77.02
30-0.02-1c,1c-1f,163,77.19
30-0.02-1c,1c-1f,164,77.61
30-0.02-1c,1c-1f,165,77.89
30-0.02-1c,1c-1f,166,78.07
30-0.02-1c,1c-1f,167,78.10
30-0.02-1c,1c-1f,168,78.49
30-0.02-1c,1c-1f,169,78.49
30-0.02-1c,1c-1f,170,78.64
30-0.02-1c,1c-1f,171,78.65
30-0.02-1c,1c-1f,172,79.12
30-0.02-1c,1c-1f,173,79.54
30-0.02-1c,1c-1f,174,79.71
30-0.02-1c,1c-1f,175,80.27
30-0.02-1c,1c-1f,176,80.42
30-0.02-1c,1c-1f,177,80.69
30-0.02-1c,1c-1f,178,81.47
30-0.02-1c,1c-1f,179,82.15
30-0.02-1c,1c-1f,180,82.72
30-0.02-1c,1c-1f,181,83.32
30-0.02-1c,1c-1f,182,83.44
30-0.02-1c,1c-1f,183,84.40
30-0.02-1c,1c-1f,184,84.70
30-0.02-1c,1c-1f,185,85.07
30-0.02-1c,1c-1f,186,85.29
30-0.02-1c,1c-1f,187,85.59
30-0.02-1c,1c-1f,188,85.89
30-0.02-1c,1c-1f,189,86.02
30-0.02-1c,1c-1f,190,86.40
30-0.02-1c,1c-1f,191,86.69
30-0.02-1c,1c-1f,192,86.76
30-0.02-1c,1c-1f,193,87.17
30-0.02-1c,1c-1f,194,87.83
30-0.02-1c,1c-1f,195,88.14
30-0.02-1c,1c-1f,196,88.82
30-0.02-1c,1c-1f,197,88.97
30-0.02-1c,1c-1f,198,89.05
30-0.02-1c,1c-1f,199,89.06
30-0.02-1c,1c-1f,200,89.32
30-0.02-1c,1c-1f,201,89.56
30-0.02-1c,1c-1f,202,89.78
30-0.02-1c,1c-1f,203,89.85
30-0.02-1c,1c-1f,204,90.02
30-0.02-1c,1c-1f,205,90.25
30-0.02-1c,1c-1f,206,90.36
30-0.02-1c,1c-1f,207,90.85
30-0.02-1c,1c-1f,208,94.25
30-0.02-1c,1c-1f,209,94.56
30-0.02-1c,1c-1f,210,95.49
30-0.02-1c,1c-1f,211,95.57
30-0.02-1c,1c-1f,212,95.86
30-0.02-1c,1c-1f,213,96.44
30-0.02-1c,1c-1f,214,98.05
30-0.02-1c,1c-1f,215,98.11
30-0.02-1c,1c-1f,216,98.97
30-0.02-1c,1c-1f,217,99.49
30-0.02-1c,1c-1f,218,99.65
30-0.02-1c,1c-1f,219,99.71
30-0.02-1c,1c-1f,220,100.00
30-0.02-1c,1c-1f,221,101.48
30-0.02-1c,1c-1f,222,101.70
30-0.02-1c,1c-1f,223,101.76
30-0.02-1c,1c-1f,224,101.98
30-0.02-1c,1c-1f,225,102.00
30-0.02-1c,1c-1f,226,102.01
30-0.02-1c,1c-1f,227,102.15
30-0.02-1c,1c-1f,228,102.90
30-0.02-1c,1c-1f,229,103.14
30-0.02-1c,1c-1f,230,104.06
30-0.02-1c,1c-1f,231,104.10
30-0.02-1c,1c-1f,232,104.26
30-0.02-1c,1c-1f,233,104.92
30-0.02-1c,1c-1f,234,105.15
30-0.02-1c,1c-1f,235,106.08
30-0.02-1c,1c-1f,236,106.20
30-0.02-1c,1c-1f,237,106.64
30-0.02-1c,1c-1f,238,107.34
30-0.02-1c,1c-1f,239,107.62
30-0.02-1c,1c-1f,240,107.76
30-0.02-1c,1c-1f,241,107.86
30-0.02-1c,1c-1f,242,107.88
30-0.02-1c,1c-1f,243,108.04
30-0.02-1c,1c-1f,244,108.28
30-0.02-1c,1c-1f,245,108.44
30-0.02-1c,1c-1f,246,108.57
30-0.02-1c,1c-1f,247,109.54
30-0.02-1c,1c-1f,248,109.56
30-0.02-1c,1c-1f,249,109.71
30-0.02-1c,1c-1f,250,110.20
30-0.02-1c,1c-1f,251,110.31
30-0.02-1c,1c-1f,252,110.47
30-0.02-1c,1c-1f,253,110.53
30-0.02-1c,1c-1f,254,111.32
30-0.02-1c,1c-1f,255,112.21
30-0.02-1c,1c-1f,256,112.52
30-0.02-1c,1c-1f,257,112.56
30-0.02-1c,1c-1f,258,112.62
30-0.02-1c,1c-1f,259,112.66
30-0.02-1c,1c-1f,260,113.07
30-0.02-1c,1c-1f,261,113.07
30-0.02-1c,1c-1f,262,113.26
30-0.02-1c,1c-1f,263,114.04
30-0.02-1c,1c-1f,264,114.35
30-0.02-1c,1c-1f,265,115.47
30-0.02-1c,1c-1f,266,116.22
30-0.02-1c,1c-1f,267,116.43
30-0.02-1c,1c-1f,268,116.57
30-0.02-1c,1c-1f,269,117.04
30-0.02-1c,1c-1f,270,117.39
30-0.02-1c,1c-1f,271,118.08
30-0.02-1c,1c-1f,272,118.77
30-0.02-1c,1c-1f,273,120.08
30-0.02-1c,1c-1f,274,120.26
30-0.02-1c,1c-1f,275,120.28
30-0.02-1c,1c-1f,276,120.58
30-0.02-1c,1c-1f,277,120.93
30-0.02-1c,1c-1f,278,121.63
30-0.02-1c,1c-1f,279,121.80
30-0.02-1c,1c-1f,280,123.11
30-0.02-1c,1c-1f,281,123.31
30-0.02-1c,1c-1f,282,123.59
30-0.02-1c,1c-1f,283,123.75
30-0.02-1c,1c-1f,284,123.75
30-0.02-1c,1c-1f,285,124.35
30-0.02-1c,1c-1f,286,125.01
30-0.02-1c,1c-1f,287,125.14
30-0.02-1c,1c-1f,288,126.14
30-0.02-1c,1c-1f,289,126.39
30-0.02-1c,1c-1f,290,127.04
30-0.02-1c,1c-1f,291,127.22
30-0.02-1c,1c-1f,292,127.90
30-0.02-1c,1c-1f,293,128.04
30-0.02-1c,1c-1f,294,128.14
30-0.02-1c,1c-1f,295,128.22
30-0.02-1c,1c-1f,296,128.24
30-0.02-1c,1c-1f,297,128.62
30-0.02-1c,1c-1f,298,129.59
30-0.02-1c,1c-1f,299,130.54
30-0.02-1c,1c-1f,300,130.55
30-0.02-1c,1c-1f,301,130.70
30-0.02-1c,1c-1f,302,132.12
30-0.02-1c,1c-1f,303,132.40
30-0.02-1c,1c-1f,304,132.49
30-0.02-1c,1c-1f,305,133.17
30-0.02-1c,1c-1f,306,135.42
30-0.02-1c,1c-1f,307,136.27
30-0.02-1c,1c-1f,308,136.29
30-0.02-1c,1c-1f,309,136.52
30-0.02-1c,1c-1f,310,136.69
30-0.02-1c,1c-1f,311,136.84
30-0.02-1c,1c-1f,312,137.53
30-0.02-1c,1c-1f,313,137.76
30-0.02-1c,1c-1f,314,137.86
30-0.02-1c,1c-1f,315,138.10
30-0.02-1c,1c-1f,316,138.24
30-0.02-1c,1c-1f,317,138.28
30-0.02-1c,1c-1f,318,139.25
30-0.02-1c,1c-1f,319,140.77
30-0.02-1c,1c-1f,320,141.66
30-0.02-1c,1c-1f,321,142.07
30-0.02-1c,1c-1f,322,142.56
30-0.02-1c,1c-1f,323,142.77
30-0.02-1c,1c-1f,324,143.31
30-0.02-1c,1c-1f,325,143.89
30-0.02-1c,1c-1f,326,144.88
30-0.02-1c,1c-1f,327,145.38
30-0.02-1c,1c-1f,328,145.48
30-0.02-1c,1c-1f,329,145.70
30-0.02-1c,1c-1f,330,147.32
30-0.02-1c,1c-1f,331,147.97
30-0.02-1c,1c-1f,332,148.28
30-0.02-1c,1c-1f,333,148.76
30-0.02-1c,1c-1f,334,149.44
30-0.02-1c,1c-1f,335,149.76
30-0.02-1c,1c-1f,336,150.50
30-0.02-1c,1c-1f,337,150.97
30-0.02-1c,1c-1f,338,151.34
30-0.02-1c,1c-1f,339,152.00
30-0.02-1c,1c-1f,340,152.43
30-0.02-1c,1c-1f,341,152.87
30-0.02-1c,1c-1f,342,153.19
30-0.02-1c,1c-1f,343,153.83
30-0.02-1c,1c-1f,344,155.94
30-0.02-1c,1c-1f,345,156.08
30-0.02-1c,1c-1f,346,156.14
30-0.02-1c,1c-1f,347,156.20
30-0.02-1c,1c-1f,348,157.58
30-0.02-1c,1c-1f,349,159.56
30-0.02-1c,1c-1f,350,160.29
30-0.02-1c,1c-1f,351,161.00
30-0.02-1c,1c-1f,352,161.85
30-0.02-1c,1c-1f,353,162.66
30-0.02-1c,1c-1f,354,163.11
30-0.02-1c,1c-1f,355,164.07
30-0.02-1c,1c-1f,356,164.47
30-0.02-1c,1c-1f,357,164.60
30-0.02-1c,1c-1f,358,164.71
30-0.02-1c,1c-1f,359,164.79
30-0.02-1c,1c-1f,360,165.19
30-0.02-1c,1c-1f,361,165.57
30-0.02-1c,1c-1f,362,165.98
30-0.02-1c,1c-1f,363,166.79
30-0.02-1c,1c-1f,364,167.15
30-0.02-1c,1c-1f,365,169.15
30-0.02-1c,1c-1f,366,169.95
30-0.02-1c,1c-1f,367,170.02
30-0.02-1c,1c-1f,368,170.24
30-0.02-1c,1c-1f,369,170.81
30-0.02-1c,1c-1f,370,171.19
30-0.02-1c,1c-1f,371,172.09
30-0.02-1c,1c-1f,372,172.71
30-0.02-1c,1c-1f,373,172.94
30-0.02-1c,1c-1f,374,173.03
30-0.02-1c,1c-1f,375,173.15
30-0.02-1c,1c-1f,376,173.23
30-0.02-1c,1c-1f,377,173.34
30-0.02-1c,1c-1f,378,173.53
30-0.02-1c,1c-1f,379,173.60
30-0.02-1c,1c-1f,380,173.67
30-0.02-1c,1c-1f,381,173.88
30-0.02-1c,1c-1f,382,174.54
30-0.02-1c,1c-1f,383,174.75
30-0.02-1c,1c-1f,384,175.18
30-0.02-1c,1c-1f,385,175.40
30-0.02-1c,1c-1f,386,176.02
30-0.02-1c,1c-1f,387,176.26
30-0.02-1c,1c-1f,388,177.57
30-0.02-1c,1c-1f,389,177.58
30-0.02-1c,1c-1f,390,177.61
30-0.02-1c,1c-1f,391,177.92
30-0.02-1c,1c-1f,392,178.17
30-0.02-1c,1c-1f,393,178.32
30-0.02-1c,1c-1f,394,178.40
30-0.02-1c,1c-1f,395,179.73
30-0.02-1c,1c-1f,396,179.97
30-0.02-1c,1c-1f,397,180.33
30-0.02-1c,1c-1f,398,180.46
30-0.02-1c,1c-1f,399,180.85
30-0.02-1c,1c-1f,400,182.19
30-0.02-1c,1c-1f,401,183.40
30-0.02-1c,1c-1f,402,183.53
30-0.02-1c,1c-1f,403,183.84
30-0.02-1c,1c-1f,404,183.91
30-0.02-1c,1c-1f,405,184.19
30-0.02-1c,1c-1f,406,184.58
30-0.02-1c,1c-1f,407,186.68
30-0.02-1c,1c-1f,408,186.72
30-0.02-1c,1c-1f,409,186.91
30-0.02-1c,1c-1f,410,187.46
30-0.02-1c,1c-1f,411,187.47
30-0.02-1c,1c-1f,412,187.69
30-0.02-1c,1c-1f,413,187.98
30-0.02-1c,1c-1f,414,188.07
30-0.02-1c,1c-1f,415,188.15
30-0.02-1c,1c-1f,416,188.31
30-0.02-1c,1c-1f,417,188.42
30-0.02-1c,1c-1f,418,188.59
30-0.02-1c,1c-1f,419,189.04
30-0.02-1c,1c-1f,420,189.06
30-0.02-1c,1c-1f,421,189.45
30-0.02-1c,1c-1f,422,189.70
30-0.02-1c,1c-1f,423,189.75
30-0.02-1c,1c-1f,424,189.78
30-0.02-1c,1c-1f,425,190.45
30-0.02-1c,1c-1f,426,190.78
30-0.02-1c,1c-1f,427,191.60
30-0.02-1c,1c-1f,428,192.21
30-0.02-1c,1c-1f,429,192.29
30-0.02-1c,1c-1f,430,192.40
30-0.02-1c,1c-1f,431,193.06
30-0.02-1c,1c-1f,432,193.23
30-0.02-1c,1c-1f,433,193.33
30-0.02-1c,1c-1f,434,194.11
30-0.02-1c,1c-1f,435,194.32
30-0.02-1c,1c-1f,436,194.74
30-0.02-1c,1c-1f,437,195.18
30-0.02-1c,1c-1f,438,195.33
30-0.02-1c,1c-1f,439,195.90
30-0.02-1c,1c-1f,440,196.02
30-0.02-1c,1c-1f,441,196.57
30-0.02-1c,1c-1f,442,197.77
30-0.02-1c,1c-1f,443,197.97
30-0.02-1c,1c-1f,444,198.41
30-0.02-1c,1c-1f,445,200.51
30-0.02-1c,1c-1f,446,201.32
30-0.02-1c,1c-1f,447,201.95
30-0.02-1c,1c-1f,448,203.79
30-0.02-1c,1c-1f,449,204.51
30-0.02-1c,1c-1f,450,206.60
30-0.02-1c,1c-1f,451,208.29
30-0.02-1c,1c-1f,452,209.88
30-0.02-1c,1c-1f,453,210.05
30-0.02-1c,1c-1f,454,210.08
30-0.02-1c,1c-1f,455,210.40
30-0.02-1c,1c-1f,456,210.50
30-0.02-1c,1c-1f,457,211.61
30-0.02-1c,1c-1f,458,213.06
30-0.02-1c,1c-1f,459,213.18
30-0.02-1c,1c-1f,460,214.20
30-0.02-1c,1c-1f,461,214.56
30-0.02-1c,1c-1f,462,214.80
30-0.02-1c,1c-1f,1,0.14
30-0.02-1c,1c-1f,2,0.14
30-0.02-1c,1c-1f,3,0.16
30-0.02-1c,1c-1f,4,0.19
30-0.02-1c,1c-1f,5,0.47
30-0.02-1c,1c-1f,6,0.56
30-0.02-1c,1c-1f,7,0.84
30-0.02-1c,1c-1f,8,0.93
30-0.02-1c,1c-1f,9,1.22
30-0.02-1c,1c-1f,10,1.65
30-0.02-1c,1c-1f,11,1.82
30-0.02-1c,1c-1f,12,2.31
30-0.02-1c,1c-1f,13,2.46
30-0.02-1c,1c-1f,14,2.58
30-0.02-1c,1c-1f,15,2.93
30-0.02-1c,1c-1f,16,3.37
30-0.02-1c,1c-1f,17,3.60
30-0.02-1c,1c-1f,18,3.69
30-0.02-1c,1c-1f,19,3.74
30-0.02-1c,1c-1f,20,4.56
30-0.02-1c,1c-1f,21,4.84
30-0.02-1c,1c-1f,22,5.11
30-0.02-1c,1c-1f,23,5.17
30-0.02-1c,1c-1f,24,5.23
30-0.02-1c,1c-1f,25,5.28
30-0.02-1c,1c-1f,26,5.61
30-0.02-1c,1c-1f,27,5.72
30-0.02-1c,1c-1f,28,5.81
30-0.02-1c,1c-1f,29,5.99
30-0.02-1c,1c-1f,30,6.04
30-0.02-1c,1c-1f,31,6.45
30-0.02-1c,1c-1f,32,7.90
30-0.02-1c,1c-1f,33,7.93
30-0.02-1c,1c-1f,34,8.66
30-0.02-1c,1c-1f,35,8.77
30-0.02-1c,1c-1f,36,9.01
30-0.02-1c,1c-1f,37,9.30
30-0.02-1c,1c-1f,38,9.52
30-0.02-1c,1c-1f,39,9.65
30-0.02-1c,1c-1f,40,9.77
30-0.02-1c,1c-1f,41,10.49
30-0.02-1c,1c-1f,42,11.53
30-0.02-1c,1c-1f,43,12.34
30-0.02-1c,1c-1f,44,13.38
30-0.02-1c,1c-1f,45,13.58
30-0.02-1c,1c-1f,46,14.12
30-0.02-1c,1c-1f,47,14.49
30-0.02-1c,1c-1f,48,14.72
30-0.02-1c,1c-1f,49,16.28
30-0.02-1c,1c-1f,50,16.47
30-0.02-1c,1c-1f,51,16.56
30-0.02-1c,1c-1f,52,16.64
30-0.02-1c,1c-1f,53,16.82
30-0.02-1c,1c-1f,54,17.27
30-0.02-1c,1c-1f,55,18.63
30-0.02-1c,1c-1f,56,18.68
30-0.02-1c,1c-1f,57,19.22
30-0.02-1c,1c-1f,58,21.26
30-0.02-1c,1c-1f,59,21.29
30-0.02-1c,1c-1f,60,21.55
30-0.02-1c,1c-1f,61,21.60
30-0.02-1c,1c-1f,62,21.71
30-0.02-1c,1c-1f,63,21.80
30-0.02-1c,1c-1f,64,21.84
30-0.02-1c,1c-1f,65,22.71
30-0.02-1c,1c-1f,66,22.98
30-0.02-1c,1c-1f,67,23.05
30-0.02-1c,1c-1f,68,23.70
30-0.02-1c,1c-1f,69,23.88
30-0.02-1c,1c-1f,70,24.45
30-0.02-1c,1c-1f,71,24.63
30-0.02-1c,1c-1f,72,25.71
30-0.02-1c,1c-1f,73,26.21
30-0.02-1c,1c-1f,74,26.63
30-0.02-1c,1c-1f,75,27.17
30-0.02-1c,1c-1f,76,27.33
30-0.02-1c,1c-1f,77,27.70
30-0.02-1c,1c-1f,78,27.84
30-0.02-1c,1c-1f,79,28.25
30-0.02-1c,1c-1f,80,29.29
30-0.02-1c,1c-1f,81,31.48
30-0.02-1c,1c-1f,82,31.76
30-0.02-1c,1c-1f,83,32.56
30-0.02-1c,1c-1f,84,33.43
30-0.02-1c,1c-1f,85,33.44
30-0.02-1c,1c-1f,86,34.09
30-0.02-1c,1c-1f,87,34.50
30-0.02-1c,1c-1f,88,35.66
30-0.02-1c,1c-1f,89,36.17
30-0.02-1c,1c-1f,90,37.89
30-0.02-1c,1c-1f,91,38.03
30-0.02-1c,1c-1f,92,38.30
30-0.02-1c,1c-1f,93,38.81
30-0.02-1c,1c-1f,94,39.13
30-0.02-1c,1c-1f,95,40.08
30-0.02-1c,1c-1f,96,40.98
30-0.02-1c,1c-1f,97,42.14
30-0.02-1c,1c-1f,98,42.37
30-0.02-1c,1c-1f,99,42.47
30-0.02-1c,1c-1f,100,42.49
30-0.02-1c,1c-1f,101,43.16
30-0.02-1c,1c-1f,102,43.24
30-0.02-1c,1c-1f,103,43.55
30-0.02-1c,1c-1f,104,44.36
30-0.02-1c,1c-1f,105,45.11
30-0.02-1c,1c-1f,106,45.88
30-0.02-1c,1c-1f,107,46.27
30-0.02-1c,1c-1f,108,48.39
30-0.02-1c,1c-1f,109,49.23
30-0.02-1c,1c-1f,110,49.57
30-0.02-1c,1c-1f,111,49.76
30-0.02-1c,1c-1f,112,51.37
30-0.02-1c,1c-1f,113,51.98
30-0.02-1c,1c-1f,114,52.08
30-0.02-1c,1c-1f,115,52.65
30-0.02-1c,1c-1f,116,52.96
30-0.02-1c,1c-1f,117,53.10
30-0.02-1c,1c-1f,118,54.79
30-0.02-1c,1c-1f,119,54.93
30-0.02-1c,1c-1f,120,56.06
30-0.02-1c,1c-1f,121,56.46
30-0.02-1c,1c-1f,122,56.68
30-0.02-1c,1c-1f,123,56.72
30-0.02-1c,1c-1f,124,57.21
30-0.02-1c,1c-1f,125,57.73
30-0.02-1c,1c-1f,126,57.79
30-0.02-1c,1c-1f,127,58.04
30-0.02-1c,1c-1f,128,58.67
30-0.02-1c,1c-1f,129,58.82
30-0.02-1c,1c-1f,130,59.47
30-0.02-1c,1c-1f,131,59.62
30-0.02-1c,1c-1f,132,60.02
30-0.02-1c,1c-1f,133,61.12
30-0.02-1c,1c-1f,134,62.36
30-0.02-1c,1c-1f,135,62.40
30-0.02-1c,1c-1f,136,62.52
30-0.02-1c,1c-1f,137,63.07
30-0.02-1c,1c-1f,138,63.25
30-0.02-1c,1c-1f,139,64.30
30-0.02-1c,1c-1f,140,65.56
30-0.02-1c,1c-1f,141,65.73
30-0.02-1c,1c-1f,142,66.23
30-0.02-1c,1c-1f,143,66.48
30-0.02-1c,1c-1f,144,66.51
30-0.02-1c,1c-1f,145,67.68
30-0.02-1c,1c-1f,146,68.47
30-0.02-1c,1c-1f,147,69.80
30-0.02-1c,1c-1f,148,69.91
30-0.02-1c,1c-1f,149,70.02
30-0.02-1c,1c-1f,150,70.24
30-0.02-1c,1c-1f,151,70.42
30-0.02-1c,1c-1f,152,70.68
30-0.02-1c,1c-1f,153,70.91
30-0.02-1c,1c-1f,154,71.06
30-0.02-1c,1c-1f,155,72.38
30-0.02-1c,1c-1f,156,73.47
30-0.02-1c,1c-1f,157,73.82
30-0.02-1c,1c-1f,158,73.99
30-0.02-1c,1c-1f,159,74.20
30-0.02-1c,1c-1f,160,75.40
30-0.02-1c,1c-1f,161,76.34
30-0.02-1c,1c-1f,162,76.74
30-0.02-1c,1c-1f,163,76.93
30-0.02-1c,1c-1f,164,77.43
30-0.02-1c,1c-1f,165,77.74
30-0.02-1c,1c-1f,166,77.95
30-0.02-1c,1c-1f,167,77.98
30-0.02-1c,1c-1f,168,78.35
30-0.02-1c,1c-1f,169,78.36
30-0.02-1c,1c-1f,170,78.51
30-0.02-1c,1c-1f,171,78.51
30-0.02-1c,1c-1f,172,78.95
30-0.02-1c,1c-1f,173,79.32
30-0.02-1c,1c-1f,174,79.46
30-0.02-1c,1c-1f,175,79.96
30-0.02-1c,1c-1f,176,80.13
30-0.02-1c,1c-1f,177,80.33
30-0.02-1c,1c-1f,178,81.16
30-0.02-1c,1c-1f,179,81.83
30-0.02-1c,1c-1f,180,82.46
30-0.02-1c,1c-1f,181,83.28
30-0.02-1c,1c-1f,182,83.42
30-0.02-1c,1c-1f,183,84.25
30-0.02-1c,1c-1f,184,84.47
30-0.02-1c,1c-1f,185,84.80
30-0.02-1c,1c-1f,186,85.02
30-0.02-1c,1c-1f,187,85.25
30-0.02-1c,1c-1f,188,85.50
30-0.02-1c,1c-1f,189,85.62
30-0.02-1c,1c-1f,190,85.97
30-0.02-1c,1c-1f,191,86.25
30-0.02-1c,1c-1f,192,86.35
30-0.02-1c,1c-1f,193,86.80
30-0.02-1c,1c-1f,194,87.41
30-0.02-1c,1c-1f,195,87.73
30-0.02-1c,1c-1f,196,88.54
30-0.02-1c,1c-1f,197,88.76
30-0.02-1c,1c-1f,198,88.84
30-0.02-1c,1c-1f,199,88.85
30-0.02-1c,1c-1f,200,89.11
30-0.02-1c,1c-1f,201,89.34
30-0.02-1c,1c-1f,202,89.57
30-0.02-1c,1c-1f,203,89.64
30-0.02-1c,1c-1f,204,89.81
30-0.02-1c,1c-1f,205,90.03
30-0.02-1c,1c-1f,206,90.12
30-0.02-1c,1c-1f,207,90.54
30-0.02-1c,1c-1f,208,94.11
30-0.02-1c,1c-1f,209,94.41
30-0.02-1c,1c-1f,210,95.27
30-0.02-1c,1c-1f,211,95.35
30-0.02-1c,1c-1f,212,95.63
30-0.02-1c,1c-1f,213,96.37
30-0.02-1c,1c-1f,214,98.12
30-0.02-1c,1c-1f,215,98.18
30-0.02-1c,1c-1f,216,99.04
30-0.02-1c,1c-1f,217,99.60
30-0.02-1c,1c-1f,218,99.81
30-0.02-1c,1c-1f,219,99.90
30-0.02-1c,1c-1f,220,100.28
30-0.02-1c,1c-1f,221,101.80
30-0.02-1c,1c-1f,222,102.08
30-0.02-1c,1c-1f,223,102.16
30-0.02-1c,1c-1f,224,102.40
30-0.02-1c,1c-1f,225,102.42
30-0.02-1c,1c-1f,226,102.43
30-0.02-1c,1c-1f,227,102.59
30-0.02-1c,1c-1f,228,103.46
30-0.02-1c,1c-1f,229,103.66
30-0.02-1c,1c-1f,230,104.53
30-0.02-1c,1c-1f,231,104.57
30-0.02-1c,1c-1f,232,104.74
30-0.02-1c,1c-1f,233,105.41
30-0.02-1c,1c-1f,234,105.60
30-0.02-1c,1c-1f,235,106.46
30-0.02-1c,1c-1f,236,106.57
30-0.02-1c,1c-1f,237,107.01
30-0.02-1c,1c-1f,238,107.70
30-0.02-1c,1c-1f,239,107.98
30-0.02-1c,1c-1f,240,108.13
30-0.02-1c,1c-1f,241,108.23
30-0.02-1c,1c-1f,242,108.25
30-0.02-1c,1c-1f,243,108.41
30-0.02-1c,1c-1f,244,108.66
30-0.02-1c,1c-1f,245,108.81
30-0.02-1c,1c-1f,246,108.93
30-0.02-1c,1c-1f,247,109.90
30-0.02-1c,1c-1f,248,109.91
30-0.02-1c,1c-1f,249,110.05
30-0.02-1c,1c-1f,250,110.58
30-0.02-1c,1c-1f,251,110.72
30-0.02-1c,1c-1f,252,110.93
30-0.02-1c,1c-1f,253,111.02
30-0.02-1c,1c-1f,254,111.84
30-0.02-1c,1c-1f,255,112.78
30-0.02-1c,1c-1f,256,113.09
30-0.02-1c,1c-1f,257,113.13
30-0.02-1c,1c-1f,258,113.19
30-0.02-1c,1c-1f,259,113.23
30-0.02-1c,1c-1f,260,113.64
30-0.02-1c,1c-1f,261,113.65
30-0.02-1c,1c-1f,262,113.84
30-0.02-1c,1c-1f,263,114.65
30-0.02-1c,1c-1f,264,114.97
30-0.02-1c,1c-1f,265,116.06
30-0.02-1c,1c-1f,266,116.72
30-0.02-1c,1c-1f,267,116.87
30-0.02-1c,1c-1f,268,116.98
30-0.02-1c,1c-1f,269,117.37
30-0.02-1c,1c-1f,270,117.62
30-0.02-1c,1c-1f,271,118.25
30-0.02-1c,1c-1f,272,118.92
30-0.02-1c,1c-1f,273,120.12
30-0.02-1c,1c-1f,274,120.30
30-0.02-1c,1c-1f,275,120.32
30-0.02-1c,1c-1f,276,120.58
30-0.02-1c,1c-1f,277,120.85
30-0.02-1c,1c-1f,278,121.72
30-0.02-1c,1c-1f,279,121.88
30-0.02-1c,1c-1f,280,123.02
30-0.02-1c,1c-1f,281,123.21
30-0.02-1c,1c-1f,282,123.57
30-0.02-1c,1c-1f,283,123.75
30-0.02-1c,1c-1f,284,123.76
30-0.02-1c,1c-1f,285,124.49
30-0.02-1c,1c-1f,286,125.28
30-0.02-1c,1c-1f,287,125.44
30-0.02-1c,1c-1f,288,126.56
30-0.02-1c,1c-1f,289,126.82
30-0.02-1c,1c-1f,290,127.48
30-0.02-1c,1c-1f,291,127.71
30-0.02-1c,1c-1f,292,128.34
30-0.02-1c,1c-1f,293,128.46
30-0.02-1c,1c-1f,294,128.56
30-0.02-1c,1c-1f,295,128.64
30-0.02-1c,1c-1f,296,128.66
30-0.02-1c,1c-1f,297,129.00
30-0.02-1c,1c-1f,298,129.78
30-0.02-1c,1c-1f,299,130.57
30-0.02-1c,1c-1f,300,130.58
30-0.02-1c,1c-1f,301,130.68
30-0.02-1c,1c-1f,302,132.02
30-0.02-1c,1c-1f,303,132.26
30-0.02-1c,1c-1f,304,132.33
30-0.02-1c,1c-1f,305,132.90
30-0.02-1c,1c-1f,306,135.03
30-0.02-1c,1c-1f,307,135.84
30-0.02-1c,1c-1f,308,135.86
30-0.02-1c,1c-1f,309,136.08
30-0.02-1c,1c-1f,310,136.24
30-0.02-1c,1c-1f,311,136.39
30-0.02-1c,1c-1f,312,137.05
30-0.02-1c,1c-1f,313,137.28
30-0.02-1c,1c-1f,314,137.38
30-0.02-1c,1c-1f,315,137.63
30-0.02-1c,1c-1f,316,137.78
30-0.02-1c,1c-1f,317,137.84
30-0.02-1c,1c-1f,318,139.07
30-0.02-1c,1c-1f,319,140.55
30-0.02-1c,1c-1f,320,141.42
30-0.02-1c,1c-1f,321,141.82
30-0.02-1c,1c-1f,322,142.33
30-0.02-1c,1c-1f,323,142.63
30-0.02-1c,1c-1f,324,143.35
30-0.02-1c,1c-1f,325,143.77
30-0.02-1c,1c-1f,326,144.50
30-0.02-1c,1c-1f,327,144.92
30-0.02-1c,1c-1f,328,144.99
30-0.02-1c,1c-1f,329,145.21
30-0.02-1c,1c-1f,330,147.07
30-0.02-1c,1c-1f,331,147.66
30-0.02-1c,1c-1f,332,147.91
30-0.02-1c,1c-1f,333,148.31
30-0.02-1c,1c-1f,334,148.80
30-0.02-1c,1c-1f,335,149.05
30-0.02-1c,1c-1f,336,149.78
30-0.02-1c,1c-1f,337,150.25
30-0.02-1c,1c-1f,338,150.65
30-0.02-1c,1c-1f,339,151.30
30-0.02-1c,1c-1f,340,151.79
30-0.02-1c,1c-1f,341,152.23
30-0.02-1c,1c-1f,342,152.52
30-0.02-1c,1c-1f,343,153.09
30-0.02-1c,1c-1f,344,155.39
30-0.02-1c,1c-1f,345,155.57
30-0.02-1c,1c-1f,346,155.64
30-0.02-1c,1c-1f,347,155.72
30-0.02-1c,1c-1f,348,157.15
30-0.02-1c,1c-1f,349,159.07
30-0.02-1c,1c-1f,350,159.85
30-0.02-1c,1c-1f,351,160.47
30-0.02-1c,1c-1f,352,161.14
30-0.02-1c,1c-1f,353,161.98
30-0.02-1c,1c-1f,354,162.39
30-0.02-1c,1c-1f,355,163.45
30-0.02-1c,1c-1f,356,163.87
30-0.02-1c,1c-1f,357,164.01
30-0.02-1c,1c-1f,358,164.11
30-0.02-1c,1c-1f,359,164.19
30-0.02-1c,1c-1f,360,164.56
30-0.02-1c,1c-1f,361,164.98
30-0.02-1c,1c-1f,362,165.42
30-0.02-1c,1c-1f,363,166.27
30-0.02-1c,1c-1f,364,166.71
30-0.02-1c,1c-1f,365,168.96
30-0.02-1c,1c-1f,366,169.80
30-0.02-1c,1c-1f,367,169.90
30-0.02-1c,1c-1f,368,170.12
30-0.02-1c,1c-1f,369,170.68
30-0.02-1c,1c-1f,370,171.09
30-0.02-1c,1c-1f,371,172.13
30-0.02-1c,1c-1f,372,172.79
30-0.02-1c,1c-1f,373,173.04
30-0.02-1c,1c-1f,374,173.13
30-0.02-1c,1c-1f,375,173.26
30-0.02-1c,1c-1f,376,173.36
30-0.02-1c,1c-1f,377,173.52
30-0.02-1c,1c-1f,378,173.74
30-0.02-1c,1c-1f,379,173.82
30-0.02-1c,1c-1f,380,173.89
30-0.02-1c,1c-1f,381,174.17
30-0.02-1c,1c-1f,382,174.98
30-0.02-1c,1c-1f,383,175.20
30-0.02-1c,1c-1f,384,175.67
30-0.02-1c,1c-1f,385,175.91
30-0.02-1c,1c-1f,386,176.48
30-0.02-1c,1c-1f,387,176.70
30-0.02-1c,1c-1f,388,178.02
30-0.02-1c,1c-1f,389,178.03
30-0.02-1c,1c-1f,390,178.05
30-0.02-1c,1c-1f,391,178.35
30-0.02-1c,1c-1f,392,178.55
30-0.02-1c,1c-1f,393,178.66
30-0.02-1c,1c-1f,394,178.73
30-0.02-1c,1c-1f,395,180.05
30-0.02-1c,1c-1f,396,180.28
30-0.02-1c,1c-1f,397,180.64
30-0.02-1c,1c-1f,398,180.77
30-0.02-1c,1c-1f,399,181.17
30-0.02-1c,1c-1f,400,182.27
30-0.02-1c,1c-1f,401,183.38
30-0.02-1c,1c-1f,402,183.48
30-0.02-1c,1c-1f,403,183.79
30-0.02-1c,1c-1f,404,183.86
30-0.02-1c,1c-1f,405,184.12
30-0.02-1c,1c-1f,406,184.57
30-0.02-1c,1c-1f,407,186.50
30-0.02-1c,1c-1f,408,186.53
30-0.02-1c,1c-1f,409,186.67
30-0.02-1c,1c-1f,410,187.27
30-0.02-1c,1c-1f,411,187.29
30-0.02-1c,1c-1f,412,187.55
30-0.02-1c,1c-1f,413,187.95
30-0.02-1c,1c-1f,414,188.07
30-0.02-1c,1c-1f,415,188.19
30-0.02-1c,1c-1f,416,188.42
30-0.02-1c,1c-1f,417,188.59
30-0.02-1c,1c-1f,418,188.78
30-0.02-1c,1c-1f,419,189.23
30-0.02-1c,1c-1f,420,189.25
30-0.02-1c,1c-1f,421,189.64
30-0.02-1c,1c-1f,422,189.88
30-0.02-1c,1c-1f,423,189.93
30-0.02-1c,1c-1f,424,189.96
30-0.02-1c,1c-1f,425,190.75
30-0.02-1c,1c-1f,426,191.20
30-0.02-1c,1c-1f,427,191.95
30-0.02-1c,1c-1f,428,192.54
30-0.02-1c,1c-1f,429,192.63
30-0.02-1c,1c-1f,430,192.76
30-0.02-1c,1c-1f,431,193.33
30-0.02-1c,1c-1f,432,193.49
30-0.02-1c,1c-1f,433,193.59
30-0.02-1c,1c-1f,434,194.27
30-0.02-1c,1c-1f,435,194.45
30-0.02-1c,1c-1f,436,194.82
30-0.02-1c,1c-1f,437,195.24
30-0.02-1c,1c-1f,438,195.40
30-0.02-1c,1c-1f,439,196.10
30-0.02-1c,1c-1f,440,196.20
30-0.02-1c,1c-1f,441,196.73
30-0.02-1c,1c-1f,442,198.05
30-0.02-1c,1c-1f,443,198.23
30-0.02-1c,1c-1f,444,198.74
30-0.02-1c,1c-1f,445,201.01
30-0.02-1c,1c-1f,446,201.80
30-0.02-1c,1c-1f,447,202.29
30-0.02-1c,1c-1f,448,203.53
30-0.02-1c,1c-1f,449,204.01
30-0.02-1c,1c-1f,450,205.43
30-0.02-1c,1c-1f,451,207.01
30-0.02-1c,1c-1f,452,208.54
30-0.02-1c,1c-1f,453,208.71
30-0.02-1c,1c-1f,454,208.73
30-0.02-1c,1c-1f,455,208.99
30-0.02-1c,1c-1f,456,209.07
30-0.02-1c,1c-1f,457,210.05
30-0.02-1c,1c-1f,458,211.59
30-0.02-1c,1c-1f,459,211.72
30-0.02-1c,1c-1f,460,213.01
30-0.02-1c,1c-1f,461,213.47
30-0.02-1c,1c-1f,462,213.77
30-0.02-1c,1c-1f,1,0.14
30-0.02-1c,1c-1f,2,0.15
30-0.02-1c,1c-1f,3,0.16
30-0.02-1c,1c-1f,4,0.20
30-0.02-1c,1c-1f,5,0.47
30-0.02-1c,1c-1f,6,0.56
30-0.02-1c,1c-1f,7,0.83
30-0.02-1c,1c-1f,8,0.92
30-0.02-1c,1c-1f,9,1.20
30-0.02-1c,1c-1f,10,1.55
30-0.02-1c,1c-1f,11,1.70
30-0.02-1c,1c-1f,12,2.19
30-0.02-1c,1c-1f,13,2.39
30-0.02-1c,1c-1f,14,2.54
30-0.02-1c,1c-1f,15,2.96
30-0.02-1c,1c-1f,16,3.41
30-0.02-1c,1c-1f,17,3.64
30-0.02-1c,1c-1f,18,3.72
30-0.02-1c,1c-1f,19,3.77
30-0.02-1c,1c-1f,20,4.61
30-0.02-1c,1c-1f,21,4.87
30-0.02-1c,1c-1f,22,5.07
30-0.02-1c,1c-1f,23,5.11
30-0.02-1c,1c-1f,24,5.16
30-0.02-1c,1c-1f,25,5.20
30-0.02-1c,1c-1f,26,5.53
30-0.02-1c,1c-1f,27,5.64
30-0.02-1c,1c-1f,28,5.73
30-0.02-1c,1c-1f,29,5.96
30-0.02-1c,1c-1f,30,6.03
30-0.02-1c,1c-1f,31,6.51
30-0.02-1c,1c-1f,32,7.65
30-0.02-1c,1c-1f,33,7.66
30-0.02-1c,1c-1f,34,8.33
30-0.02-1c,1c-1f,35,8.44
30-0.02-1c,1c-1f,36,8.65
30-0.02-1c,1c-1f,37,8.90
30-0.02-1c,1c-1f,38,9.11
30-0.02-1c,1c-1f,39,9.23
30-0.02-1c,1c-1f,40,9.34
30-0.02-1c,1c-1f,41,10.10
30-0.02-1c,1c-1f,42,10.98
30-0.02-1c,1c-1f,43,11.77
30-0.02-1c,1c-1f,44,12.73
30-0.02-1c,1c-1f,45,12.88
30-0.02-1c,1c-1f,46,13.59
30-0.02-1c,1c-1f,47,13.91
30-0.02-1c,1c-1f,48,14.09
30-0.02-1c,1c-1f,49,15.69
30-0.02-1c,1c-1f,50,15.88
30-0.02-1c,1c-1f,51,15.97
30-0.02-1c,1c-1f,52,16.05
30-0.02-1c,1c-1f,53,16.29
30-0.02-1c,1c-1f,54,16.80
30-0.02-1c,1c-1f,55,18.12
30-0.02-1c,1c-1f,56,18.17
30-0.02-1c,1c-1f,57,18.74
30-0.02-1c,1c-1f,58,20.92
30-0.02-1c,1c-1f,59,20.94
30-0.02-1c,1c-1f,60,21.19
30-0.02-1c,1c-1f,61,21.24
30-0.02-1c,1c-1f,62,21.35
30-0.02-1c,1c-1f,63,21.44
30-0.02-1c,1c-1f,64,21.48
30-0.02-1c,1c-1f,65,22.32
30-0.02-1c,1c-1f,66,22.59
30-0.02-1c,1c-1f,67,22.65
30-0.02-1c,1c-1f,68,23.11
30-0.02-1c,1c-1f,69,23.33
30-0.02-1c,1c-1f,70,23.91
30-0.02-1c,1c-1f,71,24.13
30-0.02-1c,1c-1f,72,25.28
30-0.02-1c,1c-1f,73,25.67
30-0.02-1c,1c-1f,74,26.10
30-0.02-1c,1c-1f,75,26.61
30-0.02-1c,1c-1f,76,26.77
30-0.02-1c,1c-1f,77,27.11
30-0.02-1c,1c-1f,78,27.27
30-0.02-1c,1c-1f,79,27.74
30-0.02-1c,1c-1f,80,28.64
30-0.02-1c,1c-1f,81,30.90
30-0.02-1c,1c-1f,82,31.19
30-0.02-1c,1c-1f,83,31.97
30-0.02-1c,1c-1f,84,32.74
30-0.02-1c,1c-1f,85,32.75
30-0.02-1c,1c-1f,86,33.32
30-0.02-1c,1c-1f,87,33.74
30-0.02-1c,1c-1f,88,34.76
30-0.02-1c,1c-1f,89,35.28
30-0.02-1c,1c-1f,90,36.85
30-0.02-1c,1c-1f,91,36.98
30-0.02-1c,1c-1f,92,37.27
30-0.02-1c,1c-1f,93,37.82
30-0.02-1c,1c-1f,94,38.06
30-0.02-1c,1c-1f,95,39.00
30-0.02-1c,1c-1f,96,39.83
30-0.02-1c,1c-1f,97,40.71
30-0.02-1c,1c-1f,98,40.87
30-0.02-1c,1c-1f,99,40.94
30-0.02-1c,1c-1f,100,40.96
30-0.02-1c,1c-1f,101,41.55
30-0.02-1c,1c-1f,102,41.62
30-0.02-1c,1c-1f,103,41.97
30-0.02-1c,1c-1f,104,42.78
30-0.02-1c,1c-1f,105,43.59
30-0.02-1c,1c-1f,106,44.37
30-0.02-1c,1c-1f,107,44.73
30-0.02-1c,1c-1f,108,47.12
30-0.02-1c,1c-1f,109,48.07
30-0.02-1c,1c-1f,110,48.47
30-0.02-1c,1c-1f,111,48.67
30-0.02-1c,1c-1f,112,50.50
30-0.02-1c,1c-1f,113,51.25
30-0.02-1c,1c-1f,114,51.36
30-0.02-1c,1c-1f,115,52.04
30-0.02-1c,1c-1f,116,52.38
30-0.02-1c,1c-1f,117,52.51
30-0.02-1c,1c-1f,118,54.58
30-0.02-1c,1c-1f,119,54.75
30-0.02-1c,1c-1f,120,55.90
30-0.02-1c,1c-1f,121,56.33
30-0.02-1c,1c-1f,122,56.57
30-0.02-1c,1c-1f,123,56.63
30-0.02-1c,1c-1f,124,57.15
30-0.02-1c,1c-1f,125,57.70
30-0.02-1c,1c-1f,126,57.78
30-0.02-1c,1c-1f,127,58.12
30-0.02-1c,1c-1f,128,58.77
30-0.02-1c,1c-1f,129,58.89
30-0.02-1c,1c-1f,130,59.52
30-0.02-1c,1c-1f,131,59.66
30-0.02-1c,1c-1f,132,60.05
30-0.02-1c,1c-1f,133,61.45
30-0.02-1c,1c-1f,134,62.78
30-0.02-1c,1c-1f,135,62.83
30-0.02-1c,1c-1f,136,62.96
30-0.02-1c,1c-1f,137,63.49
30-0.02-1c,1c-1f,138,63.63
30-0.02-1c,1c-1f,139,64.73
30-0.02-1c,1c-1f,140,66.08
30-0.02-1c,1c-1f,141,66.27
30-0.02-1c,1c-1f,142,66.77
30-0.02-1c,1c-1f,143,67.01
30-0.02-1c,1c-1f,144,67.04
30-0.02-1c,1c-1f,145,68.21
30-0.02-1c,1c-1f,146,68.90
30-0.02-1c,1c-1f,147,70.21
30-0.02-1c,1c-1f,148,70.31
30-0.02-1c,1c-1f,149,70.42
30-0.02-1c,1c-1f,150,70.62
30-0.02-1c,1c-1f,151,70.80
30-0.02-1c,1c-1f,152,71.13
30-0.02-1c,1c-1f,153,71.34
30-0.02-1c,1c-1f,154,71.49
30-0.02-1c,1c-1f,155,72.84
30-0.02-1c,1c-1f,156,73.82
30-0.02-1c,1c-1f,157,74.14
30-0.02-1c,1c-1f,158,74.27
30-0.02-1c,1c-1f,159,74.43
30-0.02-1c,1c-1f,160,75.46
30-0.02-1c,1c-1f,161,76.38
30-0.02-1c,1c-1f,162,76.80
30-0.02-1c,1c-1f,163,77.04
30-0.02-1c,1c-1f,164,77.53
30-0.02-1c,1c-1f,165,77.85
30-0.02-1c,1c-1f,166,78.05
30-0.02-1c,1c-1f,167,78.09
30-0.02-1c,1c-1f,168,78.45
30-0.02-1c,1c-1f,169,78.46
30-0.02-1c,1c-1f,170,78.62
30-0.02-1c,1c-1f,171,78.63
30-0.02-1c,1c-1f,172,79.12
30-0.02-1c,1c-1f,173,79.52
30-0.02-1c,1c-1f,174,79.69
30-0.02-1c,1c-1f,175,80.30
30-0.02-1c,1c-1f,176,80.50
30-0.02-1c,1c-1f,177,80.76
30-0.02-1c,1c-1f,178,81.60
30-0.02-1c,1c-1f,179,82.23
30-0.02-1c,1c-1f,180,82.86
30-0.02-1c,1c-1f,181,83.57
30-0.02-1c,1c-1f,182,83.73
30-0.02-1c,1c-1f,183,84.74
30-0.02-1c,1c-1f,184,85.02
30-0.02-1c,1c-1f,185,85.32
30-0.02-1c,1c-1f,186,85.50
30-0.02-1c,1c-1f,187,85.77
30-0.02-1c,1c-1f,188,86.00
30-0.02-1c,1c-1f,189,86.12
30-0.02-1c,1c-1f,190,86.46
30-0.02-1c,1c-1f,191,86.69
30-0.02-1c,1c-1f,192,86.75
30-0.02-1c,1c-1f,193,87.23
30-0.02-1c,1c-1f,194,87.89
30-0.02-1c,1c-1f,195,88.20
30-0.02-1c,1c-1f,196,88.92
30-0.02-1c,1c-1f,197,89.11
30-0.02-1c,1c-1f,198,89.19
30-0.02-1c,1c-1f,199,89.20
30-0.02-1c,1c-1f,200,89.44
30-0.02-1c,1c-1f,201,89.68
30-0.02-1c,1c-1f,202,89.92
30-0.02-1c,1c-1f,203,89.99
30-0.02-1c,1c-1f,204,90.16
30-0.02-1c,1c-1f,205,90.41
30-0.02-1c,1c-1f,206,90.54
30-0.02-1c,1c-1f,207,91.11
30-0.02-1c,1c-1f,208,94.72
30-0.02-1c,1c-1f,209,95.00
30-0.02-1c,1c-1f,210,95.73
30-0.02-1c,1c-1f,211,95.81
30-0.02-1c,1c-1f,212,96.11
30-0.02-1c,1c-1f,213,96.73
30-0.02-1c,1c-1f,214,98.41
30-0.02-1c,1c-1f,215,98.46
30-0.02-1c,1c-1f,216,99.28
30-0.02-1c,1c-1f,217,99.82
30-0.02-1c,1c-1f,218,100.03
30-0.02-1c,1c-1f,219,100.12
30-0.02-1c,1c-1f,220,100.49
30-0.02-1c,1c-1f,221,101.97
30-0.02-1c,1c-1f,222,102.24
30-0.02-1c,1c-1f,223,102.31
30-0.02-1c,1c-1f,224,102.53
30-0.02-1c,1c-1f,225,102.55
30-0.02-1c,1c-1f,226,102.56
30-0.02-1c,1c-1f,227,102.70
30-0.02-1c,1c-1f,228,103.49
30-0.02-1c,1c-1f,229,103.73
30-0.02-1c,1c-1f,230,104.53
30-0.02-1c,1c-1f,231,104.56
30-0.02-1c,1c-1f,232,104.68
30-0.02-1c,1c-1f,233,105.31
30-0.02-1c,1c-1f,234,105.49
30-0.02-1c,1c-1f,235,106.17
30-0.02-1c,1c-1f,236,106.25
30-0.02-1c,1c-1f,237,106.60
30-0.02-1c,1c-1f,238,107.26
30-0.02-1c,1c-1f,239,107.52
30-0.02-1c,1c-1f,240,107.66
30-0.02-1c,1c-1f,241,107.76
30-0.02-1c,1c-1f,242,107.78
30-0.02-1c,1c-1f,243,107.91
30-0.02-1c,1c-1f,244,108.09
30-0.02-1c,1c-1f,245,108.20
30-0.02-1c,1c-1f,246,108.31
30-0.02-1c,1c-1f,247,109.17
30-0.02-1c,1c-1f,248,109.18
30-0.02-1c,1c-1f,249,109.32
30-0.02-1c,1c-1f,250,109.82
30-0.02-1c,1c-1f,251,109.96
30-0.02-1c,1c-1f,252,110.16
30-0.02-1c,1c-1f,253,110.24
30-0.02-1c,1c-1f,254,111.00
30-0.02-1c,1c-1f,255,111.89
30-0.02-1c,1c-1f,256,112.17
30-0.02-1c,1c-1f,257,112.20
30-0.02-1c,1c-1f,258,112.25
30-0.02-1c,1c-1f,259,112.29
30-0.02-1c,1c-1f,260,112.67
30-0.02-1c,1c-1f,261,112.67
30-0.02-1c,1c-1f,262,112.85
30-0.02-1c,1c-1f,263,113.58
30-0.02-1c,1c-1f,264,113.85
30-0.02-1c,1c-1f,265,114.88
30-0.02-1c,1c-1f,266,115.51
30-0.02-1c,1c-1f,267,115.72
30-0.02-1c,1c-1f,268,115.86
30-0.02-1c,1c-1f,269,116.36
30-0.02-1c,1c-1f,270,116.72
30-0.02-1c,1c-1f,271,117.38
30-0.02-1c,1c-1f,272,118.02
30-0.02-1c,1c-1f,273,119.25
30-0.02-1c,1c-1f,274,119.43
30-0.02-1c,1c-1f,275,119.45
30-0.02-1c,1c-1f,276,119.80
30-0.02-1c,1c-1f,277,120.13
30-0.02-1c,1c-1f,278,121.02
30-0.02-1c,1c-1f,279,121.15
30-0.02-1c,1c-1f,280,122.35
30-0.02-1c,1c-1f,281,122.54
30-0.02-1c,1c-1f,282,122.88
30-0.02-1c,1c-1f,283,123.08
30-0.02-1c,1c-1f,284,123.09
30-0.02-1c,1c-1f,285,123.85
30-0.02-1c,1c-1f,286,124.73
30-0.02-1c,1c-1f,287,124.91
30-0.02-1c,1c-1f,288,126.00
30-0.02-1c,1c-1f,289,126.19
30-0.02-1c,1c-1f,290,126.78
30-0.02-1c,1c-1f,291,127.04
30-0.02-1c,1c-1f,292,127.74
30-0.02-1c,1c-1f,293,127.89
30-0.02-1c,1c-1f,294,128.01
30-0.02-1c,1c-1f,295,128.10
30-0.02-1c,1c-1f,296,128.12
30-0.02-1c,1c-1f,297,128.59
30-0.02-1c,1c-1f,298,129.35
30-0.02-1c,1c-1f,299,130.36
30-0.02-1c,1c-1f,300,130.37
30-0.02-1c,1c-1f,301,130.52
30-0.02-1c,1c-1f,302,131.88
30-0.02-1c,1c-1f,303,132.18
30-0.02-1c,1c-1f,304,132.27
30-0.02-1c,1c-1f,305,132.96
30-0.02-1c,1c-1f,306,135.37
30-0.02-1c,1c-1f,307,136.24
30-0.02-1c,1c-1f,308,136.26
30-0.02-1c,1c-1f,309,136.47
30-0.02-1c,1c-1f,310,136.59
30-0.02-1c,1c-1f,311,136.71
30-0.02-1c,1c-1f,312,137.40
30-0.02-1c,1c-1f,313,137.65
30-0.02-1c,1c-1f,314,137.76
30-0.02-1c,1c-1f,315,138.01
30-0.02-1c,1c-1f,316,138.17
30-0.02-1c,1c-1f,317,138.24
30-0.02-1c,1c-1f,318,139.43
30-0.02-1c,1c-1f,319,140.75
30-0.02-1c,1c-1f,320,141.67
30-0.02-1c,1c-1f,321,142.12
30-0.02-1c,1c-1f,322,142.68
30-0.02-1c,1c-1f,323,142.98
30-0.02-1c,1c-1f,324,143.68
30-0.02-1c,1c-1f,325,144.22
30-0.02-1c,1c-1f,326,145.13
30-0.02-1c,1c-1f,327,145.61
30-0.02-1c,1c-1f,328,145.70
30-0.02-1c,1c-1f,329,145.93
30-0.02-1c,1c-1f,330,147.65
30-0.02-1c,1c-1f,331,148.13
30-0.02-1c,1c-1f,332,148.37
30-0.02-1c,1c-1f,333,148.77
30-0.02-1c,1c-1f,334,149.26
30-0.02-1c,1c-1f,335,149.55
30-0.02-1c,1c-1f,336,150.28
30-0.02-1c,1c-1f,337,150.71
30-0.02-1c,1c-1f,338,151.03
30-0.02-1c,1c-1f,339,151.75
30-0.02-1c,1c-1f,340,152.16
30-0.02-1c,1c-1f,341,152.53
30-0.02-1c,1c-1f,342,152.77
30-0.02-1c,1c-1f,343,153.32
30-0.02-1c,1c-1f,344,155.29
30-0.02-1c,1c-1f,345,155.43
30-0.02-1c,1c-1f,346,155.48
30-0.02-1c,1c-1f,347,155.55
30-0.02-1c,1c-1f,348,156.76
30-0.02-1c,1c-1f,349,158.41
30-0.02-1c,1c-1f,350,159.07
30-0.02-1c,1c-1f,351,159.59
30-0.02-1c,1c-1f,352,160.37
30-0.02-1c,1c-1f,353,161.44
30-0.02-1c,1c-1f,354,161.85
30-0.02-1c,1c-1f,355,162.92
30-0.02-1c,1c-1f,356,163.35
30-0.02-1c,1c-1f,357,163.49
30-0.02-1c,1c-1f,358,163.60
30-0.02-1c,1c-1f,359,163.70
30-0.02-1c,1c-1f,360,164.09
30-0.02-1c,1c-1f,361,164.44
30-0.02-1c,1c-1f,362,164.82
30-0.02-1c,1c-1f,363,165.64
30-0.02-1c,1c-1f,364,165.96
30-0.02-1c,1c-1f,365,168.11
30-0.02-1c,1c-1f,366,168.80
30-0.02-1c,1c-1f,367,168.89
30-0.02-1c,1c-1f,368,169.08
30-0.02-1c,1c-1f,369,169.58
30-0.02-1c,1c-1f,370,169.95
30-0.02-1c,1c-1f,371,170.92
30-0.02-1c,1c-1f,372,171.38
30-0.02-1c,1c-1f,373,171.59
30-0.02-1c,1c-1f,374,171.70
30-0.02-1c,1c-1f,375,171.86
30-0.02-1c,1c-1f,376,171.97
30-0.02-1c,1c-1f,377,172.12
30-0.02-1c,1c-1f,378,172.37
30-0.02-1c,1c-1f,379,172.46
30-0.02-1c,1c-1f,380,172.54
30-0.02-1c,1c-1f,381,172.78
30-0.02-1c,1c-1f,382,173.50
30-0.02-1c,1c-1f,383,173.69
30-0.02-1c,1c-1f,384,174.18
30-0.02-1c,1c-1f,385,174.46
30-0.02-1c,1c-1f,386,175.06
30-0.02-1c,1c-1f,387,175.33
30-0.02-1c,1c-1f,388,176.69
30-0.02-1c,1c-1f,389,176.70
30-0.02-1c,1c-1f,390,176.73
30-0.02-1c,1c-1f,391,177.02
30-0.02-1c,1c-1f,392,177.25
30-0.02-1c,1c-1f,393,177.39
30-0.02-1c,1c-1f,394,177.46
30-0.02-1c,1c-1f,395,178.48
30-0.02-1c,1c-1f,396,178.63
30-0.02-1c,1c-1f,397,178.99
30-0.02-1c,1c-1f,398,179.12
30-0.02-1c,1c-1f,399,179.53
30-0.02-1c,1c-1f,400,180.83
30-0.02-1c,1c-1f,401,181.97
30-0.02-1c,1c-1f,402,182.09
30-0.02-1c,1c-1f,403,182.42
30-0.02-1c,1c-1f,404,182.51
30-0.02-1c,1c-1f,405,182.88
30-0.02-1c,1c-1f,406,183.26
30-0.02-1c,1c-1f,407,185.33
30-0.02-1c,1c-1f,408,185.36
30-0.02-1c,1c-1f,409,185.50
30-0.02-1c,1c-1f,410,186.17
30-0.02-1c,1c-1f,411,186.19
30-0.02-1c,1c-1f,412,186.50
30-0.02-1c,1c-1f,413,186.93
30-0.02-1c,1c-1f,414,187.05
30-0.02-1c,1c-1f,415,187.14
30-0.02-1c,1c-1f,416,187.31
30-0.02-1c,1c-1f,417,187.43
30-0.02-1c,1c-1f,418,187.57
30-0.02-1c,1c-1f,419,188.05
30-0.02-1c,1c-1f,420,188.07
30-0.02-1c,1c-1f,421,188.50
30-0.02-1c,1c-1f,422,188.81
30-0.02-1c,1c-1f,423,188.86
30-0.02-1c,1c-1f,424,188.89
30-0.02-1c,1c-1f,425,189.67
30-0.02-1c,1c-1f,426,190.05
30-0.02-1c,1c-1f,427,190.84
30-0.02-1c,1c-1f,428,191.46
30-0.02-1c,1c-1f,429,191.54
30-0.02-1c,1c-1f,430,191.67
30-0.02-1c,1c-1f,431,192.33
30-0.02-1c,1c-1f,432,192.47
30-0.02-1c,1c-1f,433,192.55
30-0.02-1c,1c-1f,434,193.18
30-0.02-1c,1c-1f,435,193.36
30-0.02-1c,1c-1f,436,193.67
30-0.02-1c,1c-1f,437,194.01
30-0.02-1c,1c-1f,438,194.15
30-0.02-1c,1c-1f,439,194.92
30-0.02-1c,1c-1f,440,195.05
30-0.02-1c,1c-1f,441,195.64
30-0.02-1c,1c-1f,442,196.89
30-0.02-1c,1c-1f,443,197.11
30-0.02-1c,1c-1f,444,197.54
30-0.02-1c,1c-1f,445,199.77
30-0.02-1c,1c-1f,446,200.56
30-0.02-1c,1c-1f,447,201.14
30-0.02-1c,1c-1f,448,202.71
30-0.02-1c,1c-1f,449,203.26
30-0.02-1c,1c-1f,450,204.95
30-0.02-1c,1c-1f,451,206.51
30-0.02-1c,1c-1f,452,207.78
30-0.02-1c,1c-1f,453,207.95
30-0.02-1c,1c-1f,454,207.97
30-0.02-1c,1c-1f,455,208.29
30-0.02-1c,1c-1f,456,208.39
30-0.02-1c,1c-1f,457,209.45
30-0.02-1c,1c-1f,458,210.99
30-0.02-1c,1c-1f,459,211.11
30-0.02-1c,1c-1f,460,212.28
30-0.02-1c,1c-1f,461,212.72
30-0.02-1c,1c-1f,462,212.98
30-0.02-1c,1c-1f,1,0.13
30-0.02-1c,1c-1f,2,0.14
30-0.02-1c,1c-1f,3,0.15
30-0.02-1c,1c-1f,4,0.18
30-0.02-1c,1c-1f,5,0.43
30-0.02-1c,1c-1f,6,0.52
30-0.02-1c,1c-1f,7,0.77
30-0.02-1c,1c-1f,8,0.86
30-0.02-1c,1c-1f,9,1.12
30-0.02-1c,1c-1f,10,1.43
30-0.02-1c,1c-1f,11,1.59
30-0.02-1c,1c-1f,12,2.12
30-0.02-1c,1c-1f,13,2.32
30-0.02-1c,1c-1f,14,2.48
30-0.02-1c,1c-1f,15,2.94
30-0.02-1c,1c-1f,16,3.37
30-0.02-1c,1c-1f,17,3.58
30-0.02-1c,1c-1f,18,3.67
30-0.02-1c,1c-1f,19,3.72
30-0.02-1c,1c-1f,20,4.46
30-0.02-1c,1c-1f,21,4.67
30-0.02-1c,1c-1f,22,4.92
30-0.02-1c,1c-1f,23,4.98
30-0.02-1c,1c-1f,24,5.05
30-0.02-1c,1c-1f,25,5.11
30-0.02-1c,1c-1f,26,5.51
30-0.02-1c,1c-1f,27,5.63
30-0.02-1c,1c-1f,28,5.72
30-0.02-1c,1c-1f,29,5.95
30-0.02-1c,1c-1f,30,6.02
30-0.02-1c,1c-1f,31,6.53
30-0.02-1c,1c-1f,32,7.72
30-0.02-1c,1c-1f,33,7.73
30-0.02-1c,1c-1f,34,8.30
30-0.02-1c,1c-1f,35,8.37
30-0.02-1c,1c-1f,36,8.57
30-0.02-1c,1c-1f,37,8.80
30-0.02-1c,1c-1f,38,8.99
30-0.02-1c,1c-1f,39,9.08
30-0.02-1c,1c-1f,40,9.18
30-0.02-1c,1c-1f,41,9.76
30-0.02-1c,1c-1f,42,10.65
30-0.02-1c,1c-1f,43,11.40
30-0.02-1c,1c-1f,44,12.50
30-0.02-1c,1c-1f,45,12.65
30-0.02-1c,1c-1f,46,13.23
30-0.02-1c,1c-1f,47,13.63
30-0.02-1c,1c-1f,48,13.88
30-0.02-1c,1c-1f,49,15.82
30-0.02-1c,1c-1f,50,16.07
30-0.02-1c,1c-1f,51,16.19
30-0.02-1c,1c-1f,52,16.28
30-0.02-1c,1c-1f,53,16.52
30-0.02-1c,1c-1f,54,16.99
30-0.02-1c,1c-1f,55,18.29
30-0.02-1c,1c-1f,56,18.34
30-0.02-1c,1c-1f,57,18.87
30-0.02-1c,1c-1f,58,20.98
30-0.02-1c,1c-1f,59,21.02
30-0.02-1c,1c-1f,60,21.29
30-0.02-1c,1c-1f,61,21.35
30-0.02-1c,1c-1f,62,21.48
30-0.02-1c,1c-1f,63,21.58
30-0.02-1c,1c-1f,64,21.62
30-0.02-1c,1c-1f,65,22.39
30-0.02-1c,1c-1f,66,22.57
30-0.02-1c,1c-1f,67,22.61
30-0.02-1c,1c-1f,68,23.18
30-0.02-1c,1c-1f,69,23.36
30-0.02-1c,1c-1f,70,23.82
30-0.02-1c,1c-1f,71,24.00
30-0.02-1c,1c-1f,72,25.12
30-0.02-1c,1c-1f,73,25.55
30-0.02-1c,1c-1f,74,25.96
30-0.02-1c,1c-1f,75,26.49
30-0.02-1c,1c-1f,76,26.65
30-0.02-1c,1c-1f,77,27.02
30-0.02-1c,1c-1f,78,27.17
30-0.02-1c,1c-1f,79,27.58
30-0.02-1c,1c-1f,80,28.56
30-0.02-1c,1c-1f,81,30.89
30-0.02-1c,1c-1f,82,31.15
30-0.02-1c,1c-1f,83,31.92
30-0.02-1c,1c-1f,84,32.69
30-0.02-1c,1c-1f,85,32.70
30-0.02-1c,1c-1f,86,33.30
30-0.02-1c,1c-1f,87,33.65
30-0.02-1c,1c-1f,88,34.69
30-0.02-1c,1c-1f,89,35.24
30-0.02-1c,1c-1f,90,37.15
30-0.02-1c,1c-1f,91,37.30
30-0.02-1c,1c-1f,92,37.62
30-0.02-1c,1c-1f,93,38.19
30-0.02-1c,1c-1f,94,38.49
30-0.02-1c,1c-1f,95,39.53
30-0.02-1c,1c-1f,96,40.54
30-0.02-1c,1c-1f,97,41.63
30-0.02-1c,1c-1f,98,41.84
30-0.02-1c,1c-1f,99,41.93
30-0.02-1c,1c-1f,100,41.95
30-0.02-1c,1c-1f,101,42.48
30-0.02-1c,1c-1f,102,42.54
30-0.02-1c,1c-1f,103,42.80
30-0.02-1c,1c-1f,104,43.43
30-0.02-1c,1c-1f,105,44.10
30-0.02-1c,1c-1f,106,44.69
30-0.02-1c,1c-1f,107,45.12
30-0.02-1c,1c-1f,108,47.47
30-0.02-1c,1c-1f,109,48.19
30-0.02-1c,1c-1f,110,48.65
30-0.02-1c,1c-1f,111,48.89
30-0.02-1c,1c-1f,112,50.38
30-0.02-1c,1c-1f,113,51.00
30-0.02-1c,1c-1f,114,51.08
30-0.02-1c,1c-1f,115,51.62
30-0.02-1c,1c-1f,116,51.95
30-0.02-1c,1c-1f,117,52.08
30-0.02-1c,1c-1f,118,53.91
30-0.02-1c,1c-1f,119,54.05
30-0.02-1c,1c-1f,120,55.06
30-0.02-1c,1c-1f,121,55.39
30-0.02-1c,1c-1f,122,55.62
30-0.02-1c,1c-1f,123,55.65
30-0.02-1c,1c-1f,124,56.08
30-0.02-1c,1c-1f,125,56.57
30-0.02-1c,1c-1f,126,56.65
30-0.02-1c,1c-1f,127,56.92
30-0.02-1c,1c-1f,128,57.57
30-0.02-1c,1c-1f,129,57.71
30-0.02-1c,1c-1f,130,58.32
30-0.02-1c,1c-1f,131,58.47
30-0.02-1c,1c-1f,132,58.78
30-0.02-1c,1c-1f,133,59.74
30-0.02-1c,1c-1f,134,60.97
30-0.02-1c,1c-1f,135,61.01
30-0.02-1c,1c-1f,136,61.14
30-0.02-1c,1c-1f,137,61.64
30-0.02-1c,1c-1f,138,61.78
30-0.02-1c,1c-1f,139,62.90
30-0.02-1c,1c-1f,140,64.01
30-0.02-1c,1c-1f,141,64.17
30-0.02-1c,1c-1f,142,64.61
30-0.02-1c,1c-1f,143,64.87
30-0.02-1c,1c-1f,144,64.91
30-0.02-1c,1c-1f,145,66.16
30-0.02-1c,1c-1f,146,66.90
30-0.02-1c,1c-1f,147,68.14
30-0.02-1c,1c-1f,148,68.25
30-0.02-1c,1c-1f,149,68.39
30-0.02-1c,1c-1f,150,68.64
30-0.02-1c,1c-1f,151,68.91
30-0.02-1c,1c-1f,152,69.29
30-0.02-1c,1c-1f,153,69.52
30-0.02-1c,1c-1f,154,69.65
30-0.02-1c,1c-1f,155,70.94
30-0.02-1c,1c-1f,156,71.80
30-0.02-1c,1c-1f,157,72.19
30-0.02-1c,1c-1f,158,72.36
30-0.02-1c,1c-1f,159,72.54
30-0.02-1c,1c-1f,160,73.78
30-0.02-1c,1c-1f,161,74.65
30-0.02-1c,1c-1f,162,75.06
30-0.02-1c,1c-1f,163,75.29
30-0.02-1c,1c-1f,164,75.84
30-0.02-1c,1c-1f,165,76.19
30-0.02-1c,1c-1f,166,76.39
30-0.02-1c,1c-1f,167,76.42
30-0.02-1c,1c-1f,168,76.93
30-0.02-1c,1c-1f,169,76.93
30-0.02-1c,1c-1f,170,77.13
30-0.02-1c,1c-1f,171,77.13
30-0.02-1c,1c-1f,172,77.66
30-0.02-1c,1c-1f,173,78.07
30-0.02-1c,1c-1f,174,78.23
30-0.02-1c,1c-1f,175,78.73
30-0.02-1c,1c-1f,176,78.91
30-0.02-1c,1c-1f,177,79.19
30-0.02-1c,1c-1f,178,80.03
30-0.02-1c,1c-1f,179,80.72
30-0.02-1c,1c-1f,180,81.34
30-0.02-1c,1c-1f,181,82.06
30-0.02-1c,1c-1f,182,82.18
30-0.02-1c,1c-1f,183,83.10
30-0.02-1c,1c-1f,184,83.39
30-0.02-1c,1c-1f,185,83.81
30-0.02-1c,1c-1f,186,84.11
30-0.02-1c,1c-1f,187,84.42
30-0.02-1c,1c-1f,188,84.72
30-0.02-1c,1c-1f,189,84.86
30-0.02-1c,1c-1f,190,85.24
30-0.02-1c,1c-1f,191,85.52
30-0.02-1c,1c-1f,192,85.60
30-0.02-1c,1c-1f,193,86.10
30-0.02-1c,1c-1f,194,86.66
30-0.02-1c,1c-1f,195,86.98
30-0.02-1c,1c-1f,196,87.81
30-0.02-1c,1c-1f,197,88.03
30-0.02-1c,1c-1f,198,88.10
30-0.02-1c,1c-1f,199,88.12
30-0.02-1c,1c-1f,200,88.36
30-0.02-1c,1c-1f,201,88.60
30-0.02-1c,1c-1f,202,88.83
30-0.02-1c,1c-1f,203,88.89
30-0.02-1c,1c-1f,204,89.03
30-0.02-1c,1c-1f,205,89.29
30-0.02-1c,1c-1f,206,89.41
30-0.02-1c,1c-1f,207,90.01
30-0.02-1c,1c-1f,208,93.70
30-0.02-1c,1c-1f,209,93.98
30-0.02-1c,1c-1f,210,94.72
30-0.02-1c,1c-1f,211,94.77
30-0.02-1c,1c-1f,212,94.99
30-0.02-1c,1c-1f,213,95.54
30-0.02-1c,1c-1f,214,97.18
30-0.02-1c,1c-1f,215,97.22
30-0.02-1c,1c-1f,216,97.90
30-0.02-1c,1c-1f,217,98.39
30-0.02-1c,1c-1f,218,98.60
30-0.02-1c,1c-1f,219,98.68
30-0.02-1c,1c-1f,220,99.02
30-0.02-1c,1c-1f,221,100.49
30-0.02-1c,1c-1f,222,100.77
30-0.02-1c,1c-1f,223,100.85
30-0.02-1c,1c-1f,224,101.10
30-0.02-1c,1c-1f,225,101.12
30-0.02-1c,1c-1f,226,101.13
30-0.02-1c,1c-1f,227,101.30
30-0.02-1c,1c-1f,228,102.26
30-0.02-1c,1c-1f,229,102.53
30-0.02-1c,1c-1f,230,103.47
30-0.02-1c,1c-1f,231,103.52
30-0.02-1c,1c-1f,232,103.69
30-0.02-1c,1c-1f,233,104.37
30-0.02-1c,1c-1f,234,104.61
30-0.02-1c,1c-1f,235,105.54
30-0.02-1c,1c-1f,236,105.65
30-0.02-1c,1c-1f,237,106.05
30-0.02-1c,1c-1f,238,106.77
30-0.02-1c,1c-1f,239,107.06
30-0.02-1c,1c-1f,240,107.21
30-0.02-1c,1c-1f,241,107.32
30-0.02-1c,1c-1f,242,107.34
30-0.02-1c,1c-1f,243,107.50
30-0.02-1c,1c-1f,244,107.75
30-0.02-1c,1c-1f,245,107.91
30-0.02-1c,1c-1f,246,108.03
30-0.02-1c,1c-1f,247,108.98
30-0.02-1c,1c-1f,248,108.99
30-0.02-1c,1c-1f,249,109.15
30-0.02-1c,1c-1f,250,109.68
30-0.02-1c,1c-1f,251,109.84
30-0.02-1c,1c-1f,252,110.04
30-0.02-1c,1c-1f,253,110.12
30-0.02-1c,1c-1f,254,110.82
30-0.02-1c,1c-1f,255,111.66
30-0.02-1c,1c-1f,256,111.94
30-0.02-1c,1c-1f,257,111.96
30-0.02-1c,1c-1f,258,112.00
30-0.02-1c,1c-1f,259,112.03
30-0.02-1c,1c-1f,260,112.33
30-0.02-1c,1c-1f,261,112.33
30-0.02-1c,1c-1f,262,112.48
30-0.02-1c,1c-1f,263,113.20
30-0.02-1c,1c-1f,264,113.51
30-0.02-1c,1c-1f,265,114.52
30-0.02-1c,1c-1f,266,115.30
30-0.02-1c,1c-1f,267,115.52
30-0.02-1c,1c-1f,268,115.65
30-0.02-1c,1c-1f,269,116.13
30-0.02-1c,1c-1f,270,116.50
30-0.02-1c,1c-1f,271,117.05
30-0.02-1c,1c-1f,272,117.66
30-0.02-1c,1c-1f,273,118.99
30-0.02-1c,1c-1f,274,119.16
30-0.02-1c,1c-1f,275,119.19
30-0.02-1c,1c-1f,276,119.46
30-0.02-1c,1c-1f,277,119.77
30-0.02-1c,1c-1f,278,120.65
30-0.02-1c,1c-1f,279,120.77
30-0.02-1c,1c-1f,280,121.95
30-0.02-1c,1c-1f,281,122.14
30-0.02-1c,1c-1f,282,122.47
30-0.02-1c,1c-1f,283,122.66
30-0.02-1c,1c-1f,284,122.67
30-0.02-1c,1c-1f,285,123.28
30-0.02-1c,1c-1f,286,124.13
30-0.02-1c,1c-1f,287,124.30
30-0.02-1c,1c-1f,288,125.35
30-0.02-1c,1c-1f,289,125.55
30-0.02-1c,1c-1f,290,126.08
30-0.02-1c,1c-1f,291,126.31
30-0.02-1c,1c-1f,292,127.03
30-0.02-1c,1c-1f,293,127.19
30-0.02-1c,1c-1f,294,127.31
30-0.02-1c,1c-1f,295,127.41
30-0.02-1c,1c-1f,296,127.44
30-0.02-1c,1c-1f,297,127.89
30-0.02-1c,1c-1f,298,128.87
30-0.02-1c,1c-1f,299,129.90
30-0.02-1c,1c-1f,300,129.91
30-0.02-1c,1c-1f,301,130.02
30-0.02-1c,1c-1f,302,131.26
30-0.02-1c,1c-1f,303,131.49
30-0.02-1c,1c-1f,304,131.58
30-0.02-1c,1c-1f,305,132.28
30-0.02-1c,1c-1f,306,134.79
30-0.02-1c,1c-1f,307,135.54
30-0.02-1c,1c-1f,308,135.56
30-0.02-1c,1c-1f,309,135.73
30-0.02-1c,1c-1f,310,135.85
30-0.02-1c,1c-1f,311,135.97
30-0.02-1c,1c-1f,312,136.52
30-0.02-1c,1c-1f,313,136.77
30-0.02-1c,1c-1f,314,136.87
30-0.02-1c,1c-1f,315,137.12
30-0.02-1c,1c-1f,316,137.25
30-0.02-1c,1c-1f,317,137.30
30-0.02-1c,1c-1f,318,138.25
30-0.02-1c,1c-1f,319,139.65
30-0.02-1c,1c-1f,320,140.44
30-0.02-1c,1c-1f,321,140.91
30-0.02-1c,1c-1f,322,141.40
30-0.02-1c,1c-1f,323,141.61
30-0.02-1c,1c-1f,324,142.16
30-0.02-1c,1c-1f,325,142.69
30-0.02-1c,1c-1f,326,143.64
30-0.02-1c,1c-1f,327,144.14
30-0.02-1c,1c-1f,328,144.24
30-0.02-1c,1c-1f,329,144.48
30-0.02-1c,1c-1f,330,146.10
30-0.02-1c,1c-1f,331,146.54
30-0.02-1c,1c-1f,332,146.78
30-0.02-1c,1c-1f,333,147.16
30-0.02-1c,1c-1f,334,147.77
30-0.02-1c,1c-1f,335,148.06
30-0.02-1c,1c-1f,336,148.79
30-0.02-1c,1c-1f,337,149.19
30-0.02-1c,1c-1f,338,149.52
30-0.02-1c,1c-1f,339,150.29
30-0.02-1c,1c-1f,340,150.73
30-0.02-1c,1c-1f,341,151.11
30-0.02-1c,1c-1f,342,151.43
30-0.02-1c,1c-1f,343,152.08
30-0.02-1c,1c-1f,344,154.56
30-0.02-1c,1c-1f,345,154.75
30-0.02-1c,1c-1f,346,154.83
30-0.02-1c,1c-1f,347,154.91
30-0.02-1c,1c-1f,348,156.28
30-0.02-1c,1c-1f,349,158.17
30-0.02-1c,1c-1f,350,158.86
30-0.02-1c,1c-1f,351,159.56
30-0.02-1c,1c-1f,352,160.40
30-0.02-1c,1c-1f,353,161.54
30-0.02-1c,1c-1f,354,162.05
30-0.02-1c,1c-1f,355,163.05
30-0.02-1c,1c-1f,356,163.47
30-0.02-1c,1c-1f,357,163.61
30-0.02-1c,1c-1f,358,163.72
30-0.02-1c,1c-1f,359,163.82
30-0.02-1c,1c-1f,360,164.23
30-0.02-1c,1c-1f,361,164.60
30-0.02-1c,1c-1f,362,164.97
30-0.02-1c,1c-1f,363,165.83
30-0.02-1c,1c-1f,364,166.14
30-0.02-1c,1c-1f,365,168.15
30-0.02-1c,1c-1f,366,168.93
30-0.02-1c,1c-1f,367,169.02
30-0.02-1c,1c-1f,368,169.22
30-0.02-1c,1c-1f,369,169.74
30-0.02-1c,1c-1f,370,170.12
30-0.02-1c,1c-1f,371,171.15
30-0.02-1c,1c-1f,372,171.70
30-0.02-1c,1c-1f,373,171.89
30-0.02-1c,1c-1f,374,171.99
30-0.02-1c,1c-1f,375,172.12
30-0.02-1c,1c-1f,376,172.22
30-0.02-1c,1c-1f,377,172.38
30-0.02-1c,1c-1f,378,172.66
30-0.02-1c,1c-1f,379,172.76
30-0.02-1c,1c-1f,380,172.85
30-0.02-1c,1c-1f,381,173.17
30-0.02-1c,1c-1f,382,173.92
30-0.02-1c,1c-1f,383,174.09
30-0.02-1c,1c-1f,384,174.54
30-0.02-1c,1c-1f,385,174.84
30-0.02-1c,1c-1f,386,175.38
30-0.02-1c,1c-1f,387,175.64
30-0.02-1c,1c-1f,388,177.00
30-0.02-1c,1c-1f,389,177.00
30-0.02-1c,1c-1f,390,177.03
30-0.02-1c,1c-1f,391,177.32
30-0.02-1c,1c-1f,392,177.55
30-0.02-1c,1c-1f,393,177.70
30-0.02-1c,1c-1f,394,177.77
30-0.02-1c,1c-1f,395,179.02
30-0.02-1c,1c-1f,396,179.25
30-0.02-1c,1c-1f,397,179.61
30-0.02-1c,1c-1f,398,179.73
30-0.02-1c,1c-1f,399,180.14
30-0.02-1c,1c-1f,400,181.33
30-0.02-1c,1c-1f,401,182.55
30-0.02-1c,1c-1f,402,182.67
30-0.02-1c,1c-1f,403,183.00
30-0.02-1c,1c-1f,404,183.08
30-0.02-1c,1c-1f,405,183.45
30-0.02-1c,1c-1f,406,183.93
30-0.02-1c,1c-1f,407,185.95
30-0.02-1c,1c-1f,408,185.98
30-0.02-1c,1c-1f,409,186.14
30-0.02-1c,1c-1f,410,186.86
30-0.02-1c,1c-1f,411,186.88
30-0.02-1c,1c-1f,412,187.20
30-0.02-1c,1c-1f,413,187.63
30-0.02-1c,1c-1f,414,187.76
30-0.02-1c,1c-1f,415,187.88
30-0.02-1c,1c-1f,416,188.11
30-0.02-1c,1c-1f,417,188.26
30-0.02-1c,1c-1f,418,188.43
30-0.02-1c,1c-1f,419,188.89
30-0.02-1c,1c-1f,420,188.91
30-0.02-1c,1c-1f,421,189.33
30-0.02-1c,1c-1f,422,189.65
30-0.02-1c,1c-1f,423,189.72
30-0.02-1c,1c-1f,424,189.76
30-0.02-1c,1c-1f,425,190.52
30-0.02-1c,1c-1f,426,190.87
30-0.02-1c,1c-1f,427,191.74
30-0.02-1c,1c-1f,428,192.37
30-0.02-1c,1c-1f,429,192.46
30-0.02-1c,1c-1f,430,192.58
30-0.02-1c,1c-1f,431,193.24
30-0.02-1c,1c-1f,432,193.40
30-0.02-1c,1c-1f,433,193.50
30-0.02-1c,1c-1f,434,194.14
30-0.02-1c,1c-1f,435,194.33
30-0.02-1c,1c-1f,436,194.64
30-0.02-1c,1c-1f,437,194.98
30-0.02-1c,1c-1f,438,195.11
30-0.02-1c,1c-1f,439,195.68
30-0.02-1c,1c-1f,440,195.78
30-0.02-1c,1c-1f,441,196.27
30-0.02-1c,1c-1f,442,197.59
30-0.02-1c,1c-1f,443,197.83
30-0.02-1c,1c-1f,444,198.36
30-0.02-1c,1c-1f,445,200.60
30-0.02-1c,1c-1f,446,201.39
30-0.02-1c,1c-1f,447,201.94
30-0.02-1c,1c-1f,448,203.43
30-0.02-1c,1c-1f,449,203.99
30-0.02-1c,1c-1f,450,205.94
30-0.02-1c,1c-1f,451,207.52
30-0.02-1c,1c-1f,452,209.06
30-0.02-1c,1c-1f,453,209.23
30-0.02-1c,1c-1f,454,209.25
30-0.02-1c,1c-1f,455,209.59
30-0.02-1c,1c-1f,456,209.69
30-0.02-1c,1c-1f,457,210.84
30-0.02-1c,1c-1f,458,212.39
30-0.02-1c,1c-1f,459,212.52
30-0.02-1c,1c-1f,460,213.59
30-0.02-1c,1c-1f,461,213.95
30-0.02-1c,1c-1f,462,214.19
30-0.02-1c,1c-1f,1,0.13
30-0.02-1c,1c-1f,2,0.13
30-0.02-1c,1c-1f,3,0.15
30-0.02-1c,1c-1f,4,0.17
30-0.02-1c,1c-1f,5,0.40
30-0.02-1c,1c-1f,6,0.47
30-0.02-1c,1c-1f,7,0.70
30-0.02-1c,1c-1f,8,0.79
30-0.02-1c,1c-1f,9,1.01
30-0.02-1c,1c-1f,10,1.40
30-0.02-1c,1c-1f,11,1.57
30-0.02-1c,1c-1f,12,2.05
30-0.02-1c,1c-1f,13,2.24
30-0.02-1c,1c-1f,14,2.41
30-0.02-1c,1c-1f,15,2.89
30-0.02-1c,1c-1f,16,3.36
30-0.02-1c,1c-1f,17,3.59
30-0.02-1c,1c-1f,18,3.68
30-0.02-1c,1c-1f,19,3.74
30-0.02-1c,1c-1f,20,4.42
30-0.02-1c,1c-1f,21,4.73
30-0.02-1c,1c-1f,22,5.02
30-0.02-1c,1c-1f,23,5.09
30-0.02-1c,1c-1f,24,5.16
30-0.02-1c,1c-1f,25,5.22
30-0.02-1c,1c-1f,26,5.56
30-0.02-1c,1c-1f,27,5.67
30-0.02-1c,1c-1f,28,5.76
30-0.02-1c,1c-1f,29,5.97
30-0.02-1c,1c-1f,30,6.02
30-0.02-1c,1c-1f,31,6.49
30-0.02-1c,1c-1f,32,7.63
30-0.02-1c,1c-1f,33,7.65
30-0.02-1c,1c-1f,34,8.25
30-0.02-1c,1c-1f,35,8.36
30-0.02-1c,1c-1f,36,8.60
30-0.02-1c,1c-1f,37,8.88
30-0.02-1c,1c-1f,38,9.06
30-0.02-1c,1c-1f,39,9.15
30-0.02-1c,1c-1f,40,9.25
30-0.02-1c,1c-1f,41,10.05
30-0.02-1c,1c-1f,42,11.14
30-0.02-1c,1c-1f,43,12.04
30-0.02-1c,1c-1f,44,13.22
30-0.02-1c,1c-1f,45,13.42
30-0.02-1c,1c-1f,46,14.19
30-0.02-1c,1c-1f,47,14.58
30-0.02-1c,1c-1f,48,14.80
30-0.02-1c,1c-1f,49,16.58
30-0.02-1c,1c-1f,50,16.82
30-0.02-1c,1c-1f,51,16.94
30-0.02-1c,1c-1f,52,17.04
30-0.02-1c,1c-1f,53,17.27
30-0.02-1c,1c-1f,54,17.72
30-0.02-1c,1c-1f,55,18.97
30-0.02-1c,1c-1f,56,19.02
30-0.02-1c,1c-1f,57,19.57
30-0.02-1c,1c-1f,58,21.68
30-0.02-1c,1c-1f,59,21.71
30-0.02-1c,1c-1f,60,22.02
30-0.02-1c,1c-1f,61,22.09
30-0.02-1c,1c-1f,62,22.23
30-0.02-1c,1c-1f,63,22.34
30-0.02-1c,1c-1f,64,22.39
30-0.02-1c,1c-1f,65,23.36
30-0.02-1c,1c-1f,66,23.65
30-0.02-1c,1c-1f,67,23.72
30-0.02-1c,1c-1f,68,24.41
30-0.02-1c,1c-1f,69,24.63
30-0.02-1c,1c-1f,70,25.25
30-0.02-1c,1c-1f,71,25.49
30-0.02-1c,1c-1f,72,26.74
30-0.02-1c,1c-1f,73,27.29
30-0.02-1c,1c-1f,74,27.83
30-0.02-1c,1c-1f,75,28.38
30-0.02-1c,1c-1f,76,28.55
30-0.02-1c,1c-1f,77,28.91
30-0.02-1c,1c-1f,78,29.07
30-0.02-1c,1c-1f,79,29.47
30-0.02-1c,1c-1f,80,30.62
30-0.02-1c,1c-1f,81,32.87
30-0.02-1c,1c-1f,82,33.17
30-0.02-1c,1c-1f,83,33.99
30-0.02-1c,1c-1f,84,34.84
30-0.02-1c,1c-1f,85,34.85
30-0.02-1c,1c-1f,86,35.45
30-0.02-1c,1c-1f,87,35.79
30-0.02-1c,1c-1f,88,36.87
30-0.02-1c,1c-1f,89,37.33
30-0.02-1c,1c-1f,90,39.05
30-0.02-1c,1c-1f,91,39.22
30-0.02-1c,1c-1f,92,39.57
30-0.02-1c,1c-1f,93,40.17
30-0.02-1c,1c-1f,94,40.42
30-0.02-1c,1c-1f,95,41.44
30-0.02-1c,1c-1f,96,42.41
30-0.02-1c,1c-1f,97,43.51
30-0.02-1c,1c-1f,98,43.72
30-0.02-1c,1c-1f,99,43.81
30-0.02-1c,1c-1f,100,43.83
30-0.02-1c,1c-1f,101,44.40
30-0.02-1c,1c-1f,102,44.45
30-0.02-1c,1c-1f,103,44.73
30-0.02-1c,1c-1f,104,45.59
30-0.02-1c,1c-1f,105,46.38
30-0.02-1c,1c-1f,106,47.08
30-0.02-1c,1c-1f,107,47.52
30-0.02-1c,1c-1f,108,49.38
30-0.02-1c,1c-1f,109,50.15
30-0.02-1c,1c-1f,110,50.49
30-0.02-1c,1c-1f,111,50.68
30-0.02-1c,1c-1f,112,51.99
30-0.02-1c,1c-1f,113,52.70
30-0.02-1c,1c-1f,114,52.81
30-0.02-1c,1c-1f,115,53.40
30-0.02-1c,1c-1f,116,53.66
30-0.02-1c,1c-1f,117,53.77
30-0.02-1c,1c-1f,118,55.48
30-0.02-1c,1c-1f,119,55.62
30-0.02-1c,1c-1f,120,56.59
30-0.02-1c,1c-1f,121,56.98
30-0.02-1c,1c-1f,122,57.22
30-0.02-1c,1c-1f,123,57.28
30-0.02-1c,1c-1f,124,57.80
30-0.02-1c,1c-1f,125,58.36
30-0.02-1c,1c-1f,126,58.44
30-0.02-1c,1c-1f,127,58.75
30-0.02-1c,1c-1f,128,59.32
30-0.02-1c,1c-1f,129,59.43
30-0.02-1c,1c-1f,130,60.05
30-0.02-1c,1c-1f,131,60.20
30-0.02-1c,1c-1f,132,60.60
30-0.02-1c,1c-1f,133,61.97
30-0.02-1c,1c-1f,134,63.34
30-0.02-1c,1c-1f,135,63.39
30-0.02-1c,1c-1f,136,63.54
30-0.02-1c,1c-1f,137,63.99
30-0.02-1c,1c-1f,138,64.12
30-0.02-1c,1c-1f,139,65.05
30-0.02-1c,1c-1f,140,66.34
30-0.02-1c,1c-1f,141,66.51
30-0.02-1c,1c-1f,142,66.97
30-0.02-1c,1c-1f,143,67.23
30-0.02-1c,1c-1f,144,67.27
30-0.02-1c,1c-1f,145,68.30
30-0.02-1c,1c-1f,146,69.06
30-0.02-1c,1c-1f,147,70.16
30-0.02-1c,1c-1f,148,70.24
30-0.02-1c,1c-1f,149,70.34
30-0.02-1c,1c-1f,150,70.53
30-0.02-1c,1c-1f,151,70.76
30-0.02-1c,1c-1f,152,71.11
30-0.02-1c,1c-1f,153,71.33
30-0.02-1c,1c-1f,154,71.47
30-0.02-1c,1c-1f,155,72.53
30-0.02-1c,1c-1f,156,73.45
30-0.02-1c,1c-1f,157,73.79
30-0.02-1c,1c-1f,158,73.96
30-0.02-1c,1c-1f,159,74.17
30-0.02-1c,1c-1f,160,75.37
30-0.02-1c,1c-1f,161,76.12
30-0.02-1c,1c-1f,162,76.43
30-0.02-1c,1c-1f,163,76.63
30-0.02-1c,1c-1f,164,77.02
30-0.02-1c,1c-1f,165,77.29
30-0.02-1c,1c-1f,166,77.51
30-0.02-1c,1c-1f,167,77.55
30-0.02-1c,1c-1f,168,78.06
30-0.02-1c,1c-1f,169,78.06
30-0.02-1c,1c-1f,170,78.26
30-0.02-1c,1c-1f,171,78.27
30-0.02-1c,1c-1f,172,78.81
30-0.02-1c,1c-1f,173,79.24
30-0.02-1c,1c-1f,174,79.40
30-0.02-1c,1c-1f,175,79.95
30-0.02-1c,1c-1f,176,80.10
30-0.02-1c,1c-1f,177,80.30
30-0.02-1c,1c-1f,178,80.93
30-0.02-1c,1c-1f,179,81.51
30-0.02-1c,1c-1f,180,82.05
30-0.02-1c,1c-1f,181,82.86
30-0.02-1c,1c-1f,182,83.03
30-0.02-1c,1c-1f,183,83.86
30-0.02-1c,1c-1f,184,84.12
30-0.02-1c,1c-1f,185,84.52
30-0.02-1c,1c-1f,186,84.79
30-0.02-1c,1c-1f,187,85.08
30-0.02-1c,1c-1f,188,85.32
30-0.02-1c,1c-1f,189,85.42
30-0.02-1c,1c-1f,190,85.74
30-0.02-1c,1c-1f,191,85.96
30-0.02-1c,1c-1f,192,86.04
30-0.02-1c,1c-1f,193,86.53
30-0.02-1c,1c-1f,194,87.17
30-0.02-1c,1c-1f,195,87.47
30-0.02-1c,1c-1f,196,88.14
30-0.02-1c,1c-1f,197,88.32
30-0.02-1c,1c-1f,198,88.38
30-0.02-1c,1c-1f,199,88.39
30-0.02-1c,1c-1f,200,88.59
30-0.02-1c,1c-1f,201,88.79
30-0.02-1c,1c-1f,202,89.00
30-0.02-1c,1c-1f,203,89.06
30-0.02-1c,1c-1f,204,89.18
30-0.02-1c,1c-1f,205,89.40
30-0.02-1c,1c-1f,206,89.49
30-0.02-1c,1c-1f,207,90.01
30-0.02-1c,1c-1f,208,93.69
30-0.02-1c,1c-1f,209,94.02
30-0.02-1c,1c-1f,210,94.80
30-0.02-1c,1c-1f,211,94.86
30-0.02-1c,1c-1f,212,95.14
30-0.02-1c,1c-1f,213,95.84
30-0.02-1c,1c-1f,214,97.33
30-0.02-1c,1c-1f,215,97.38
30-0.02-1c,1c-1f,216,98.18
30-0.02-1c,1c-1f,217,98.74
30-0.02-1c,1c-1f,218,98.95
30-0.02-1c,1c-1f,219,99.03
30-0.02-1c,1c-1f,220,99.40
30-0.02-1c,1c-1f,221,100.80
30-0.02-1c,1c-1f,222,101.03
30-0.02-1c,1c-1f,223,101.11
30-0.02-1c,1c-1f,224,101.35
30-0.02-1c,1c-1f,225,101.37
30-0.02-1c,1c-1f,226,101.37
30-0.02-1c,1c-1f,227,101.53
30-0.02-1c,1c-1f,228,102.55
30-0.02-1c,1c-1f,229,102.83
30-0.02-1c,1c-1f,230,103.75
30-0.02-1c,1c-1f,231,103.78
30-0.02-1c,1c-1f,232,103.92
30-0.02-1c,1c-1f,233,104.40
30-0.02-1c,1c-1f,234,104.57
30-0.02-1c,1c-1f,235,105.30
30-0.02-1c,1c-1f,236,105.38
30-0.02-1c,1c-1f,237,105.77
30-0.02-1c,1c-1f,238,106.34
30-0.02-1c,1c-1f,239,106.58
30-0.02-1c,1c-1f,240,106.69
30-0.02-1c,1c-1f,241,106.77
30-0.02-1c,1c-1f,242,106.79
30-0.02-1c,1c-1f,243,106.90
30-0.02-1c,1c-1f,244,107.10
30-0.02-1c,1c-1f,245,107.22
30-0.02-1c,1c-1f,246,107.31
30-0.02-1c,1c-1f,247,108.12
30-0.02-1c,1c-1f,248,108.13
30-0.02-1c,1c-1f,249,108.28
30-0.02-1c,1c-1f,250,108.81
30-0.02-1c,1c-1f,251,108.96
30-0.02-1c,1c-1f,252,109.16
30-0.02-1c,1c-1f,253,109.25
30-0.02-1c,1c-1f,254,110.01
30-0.02-1c,1c-1f,255,110.75
30-0.02-1c,1c-1f,256,110.97
30-0.02-1c,1c-1f,257,110.99
30-0.02-1c,1c-1f,258,111.03
30-0.02-1c,1c-1f,259,111.07
30-0.02-1c,1c-1f,260,111.40
30-0.02-1c,1c-1f,261,111.40
30-0.02-1c,1c-1f,262,111.55
30-0.02-1c,1c-1f,263,112.11
30-0.02-1c,1c-1f,264,112.34
30-0.02-1c,1c-1f,265,113.25
30-0.02-1c,1c-1f,266,113.86
30-0.02-1c,1c-1f,267,114.05
30-0.02-1c,1c-1f,268,114.19
30-0.02-1c,1c-1f,269,114.68
30-0.02-1c,1c-1f,270,114.96
30-0.02-1c,1c-1f,271,115.55
30-0.02-1c,1c-1f,272,116.16
30-0.02-1c,1c-1f,273,117.51
30-0.02-1c,1c-1f,274,117.69
30-0.02-1c,1c-1f,275,117.71
30-0.02-1c,1c-1f,276,118.06
30-0.02-1c,1c-1f,277,118.39
30-0.02-1c,1c-1f,278,119.29
30-0.02-1c,1c-1f,279,119.41
30-0.02-1c,1c-1f,280,120.48
30-0.02-1c,1c-1f,281,120.62
30-0.02-1c,1c-1f,282,120.96
30-0.02-1c,1c-1f,283,121.16
30-0.02-1c,1c-1f,284,121.17
30-0.02-1c,1c-1f,285,121.80
30-0.02-1c,1c-1f,286,122.44
30-0.02-1c,1c-1f,287,122.59
30-0.02-1c,1c-1f,288,123.71
30-0.02-1c,1c-1f,289,123.94
30-0.02-1c,1c-1f,290,124.42
30-0.02-1c,1c-1f,291,124.59
30-0.02-1c,1c-1f,292,125.25
30-0.02-1c,1c-1f,293,125.40
30-0.02-1c,1c-1f,294,125.52
30-0.02-1c,1c-1f,295,125.60
30-0.02-1c,1c-1f,296,125.63
30-0.02-1c,1c-1f,297,126.12
30-0.02-1c,1c-1f,298,127.16
30-0.02-1c,1c-1f,299,128.15
30-0.02-1c,1c-1f,300,128.16
30-0.02-1c,1c-1f,301,128.30
30-0.02-1c,1c-1f,302,129.71
30-0.02-1c,1c-1f,303,130.00
30-0.02-1c,1c-1f,304,130.09
30-0.02-1c,1c-1f,305,130.79
30-0.02-1c,1c-1f,306,133.19
30-0.02-1c,1c-1f,307,134.09
30-0.02-1c,1c-1f,308,134.11
30-0.02-1c,1c-1f,309,134.32
30-0.02-1c,1c-1f,310,134.44
30-0.02-1c,1c-1f,311,134.58
30-0.02-1c,1c-1f,312,135.32
30-0.02-1c,1c-1f,313,135.55
30-0.02-1c,1c-1f,314,135.65
30-0.02-1c,1c-1f,315,135.90
30-0.02-1c,1c-1f,316,136.05
30-0.02-1c,1c-1f,317,136.10
30-0.02-1c,1c-1f,318,137.35
30-0.02-1c,1c-1f,319,138.75
30-0.02-1c,1c-1f,320,139.45
30-0.02-1c,1c-1f,321,139.91
30-0.02-1c,1c-1f,322,140.44
30-0.02-1c,1c-1f,323,140.72
30-0.02-1c,1c-1f,324,141.36
30-0.02-1c,1c-1f,325,141.85
30-0.02-1c,1c-1f,326,142.68
30-0.02-1c,1c-1f,327,143.19
30-0.02-1c,1c-1f,328,143.29
30-0.02-1c,1c-1f,329,143.54
30-0.02-1c,1c-1f,330,145.32
30-0.02-1c,1c-1f,331,145.80
30-0.02-1c,1c-1f,332,146.07
30-0.02-1c,1c-1f,333,146.48
30-0.02-1c,1c-1f,334,147.07
30-0.02-1c,1c-1f,335,147.32
30-0.02-1c,1c-1f,336,148.03
30-0.02-1c,1c-1f,337,148.48
30-0.02-1c,1c-1f,338,148.89
30-0.02-1c,1c-1f,339,149.62
30-0.02-1c,1c-1f,340,150.05
30-0.02-1c,1c-1f,341,150.56
30-0.02-1c,1c-1f,342,150.83
30-0.02-1c,1c-1f,343,151.37
30-0.02-1c,1c-1f,344,153.43
30-0.02-1c,1c-1f,345,153.60
30-0.02-1c,1c-1f,346,153.65
30-0.02-1c,1c-1f,347,153.71
30-0.02-1c,1c-1f,348,155.11
30-0.02-1c,1c-1f,349,157.23
30-0.02-1c,1c-1f,350,158.05
30-0.02-1c,1c-1f,351,158.71
30-0.02-1c,1c-1f,352,159.56
30-0.02-1c,1c-1f,353,160.59
30-0.02-1c,1c-1f,354,160.96
30-0.02-1c,1c-1f,355,161.88
30-0.02-1c,1c-1f,356,162.27
30-0.02-1c,1c-1f,357,162.38
30-0.02-1c,1c-1f,358,162.48
30-0.02-1c,1c-1f,359,162.57
30-0.02-1c,1c-1f,360,162.97
30-0.02-1c,1c-1f,361,163.27
30-0.02-1c,1c-1f,362,163.64
30-0.02-1c,1c-1f,363,164.51
30-0.02-1c,1c-1f,364,164.93
30-0.02-1c,1c-1f,365,166.93
30-0.02-1c,1c-1f,366,167.78
30-0.02-1c,1c-1f,367,167.86
30-0.02-1c,1c-1f,368,168.08
30-0.02-1c,1c-1f,369,168.63
30-0.02-1c,1c-1f,370,169.03
30-0.02-1c,1c-1f,371,170.02
30-0.02-1c,1c-1f,372,170.62
30-0.02-1c,1c-1f,373,170.87
30-0.02-1c,1c-1f,374,170.96
30-0.02-1c,1c-1f,375,171.07
30-0.02-1c,1c-1f,376,171.17
30-0.02-1c,1c-1f,377,171.31
30-0.02-1c,1c-1f,378,171.56
30-0.02-1c,1c-1f,379,171.64
30-0.02-1c,1c-1f,380,171.71
30-0.02-1c,1c-1f,381,171.93
30-0.02-1c,1c-1f,382,172.46
30-0.02-1c,1c-1f,383,172.60
30-0.02-1c,1c-1f,384,172.96
30-0.02-1c,1c-1f,385,173.20
30-0.02-1c,1c-1f,386,173.81
30-0.02-1c,1c-1f,387,174.10
30-0.02-1c,1c-1f,388,175.32
30-0.02-1c,1c-1f,389,175.33
30-0.02-1c,1c-1f,390,175.35
30-0.02-1c,1c-1f,391,175.58
30-0.02-1c,1c-1f,392,175.77
30-0.02-1c,1c-1f,393,175.88
30-0.02-1c,1c-1f,394,175.94
30-0.02-1c,1c-1f,395,177.14
30-0.02-1c,1c-1f,396,177.38
30-0.02-1c,1c-1f,397,177.74
30-0.02-1c,1c-1f,398,177.87
30-0.02-1c,1c-1f,399,178.29
30-0.02-1c,1c-1f,400,179.62
30-0.02-1c,1c-1f,401,180.63
30-0.02-1c,1c-1f,402,180.73
30-0.02-1c,1c-1f,403,181.05
30-0.02-1c,1c-1f,404,181.14
30-0.02-1c,1c-1f,405,181.51
30-0.02-1c,1c-1f,406,181.96
30-0.02-1c,1c-1f,407,183.83
30-0.02-1c,1c-1f,408,183.86
30-0.02-1c,1c-1f,409,184.05
30-0.02-1c,1c-1f,410,184.70
30-0.02-1c,1c-1f,411,184.71
30-0.02-1c,1c-1f,412,184.98
30-0.02-1c,1c-1f,413,185.34
30-0.02-1c,1c-1f,414,185.45
30-0.02-1c,1c-1f,415,185.57
30-0.02-1c,1c-1f,416,185.80
30-0.02-1c,1c-1f,417,185.94
30-0.02-1c,1c-1f,418,186.13
30-0.02-1c,1c-1f,419,186.60
30-0.02-1c,1c-1f,420,186.62
30-0.02-1c,1c-1f,421,187.00
30-0.02-1c,1c-1f,422,187.31
30-0.02-1c,1c-1f,423,187.37
30-0.02-1c,1c-1f,424,187.41
30-0.02-1c,1c-1f,425,188.17
30-0.02-1c,1c-1f,426,188.50
30-0.02-1c,1c-1f,427,189.18
30-0.02-1c,1c-1f,428,189.74
30-0.02-1c,1c-1f,429,189.82
30-0.02-1c,1c-1f,430,189.94
30-0.02-1c,1c-1f,431,190.59
30-0.02-1c,1c-1f,432,190.73
30-0.02-1c,1c-1f,433,190.80
30-0.02-1c,1c-1f,434,191.49
30-0.02-1c,1c-1f,435,191.75
30-0.02-1c,1c-1f,436,192.16
30-0.02-1c,1c-1f,437,192.55
30-0.02-1c,1c-1f,438,192.67
30-0.02-1c,1c-1f,439,193.20
30-0.02-1c,1c-1f,440,193.31
30-0.02-1c,1c-1f,441,193.81
30-0.02-1c,1c-1f,442,195.03
30-0.02-1c,1c-1f,443,195.21
30-0.02-1c,1c-1f,444,195.62
30-0.02-1c,1c-1f,445,197.55
30-0.02-1c,1c-1f,446,198.32
30-0.02-1c,1c-1f,447,198.94
30-0.02-1c,1c-1f,448,200.79
30-0.02-1c,1c-1f,449,201.48
30-0.02-1c,1c-1f,450,203.24
30-0.02-1c,1c-1f,451,205.01
30-0.02-1c,1c-1f,452,206.37
30-0.02-1c,1c-1f,453,206.53
30-0.02-1c,1c-1f,454,206.55
30-0.02-1c,1c-1f,455,206.88
30-0.02-1c,1c-1f,456,206.97
30-0.02-1c,1c-1f,457,207.99
30-0.02-1c,1c-1f,458,209.52
30-0.02-1c,1c-1f,459,209.68
30-0.02-1c,1c-1f,460,211.14
30-0.02-1c,1c-1f,461,211.64
30-0.02-1c,1c-1f,462,211.99
30-0.02-1c,1c-1f,1,0.14
30-0.02-1c,1c-1f,2,0.15
30-0.02-1c,1c-1f,3,0.16
30-0.02-1c,1c-1f,4,0.19
30-0.02-1c,1c-1f,5,0.43
30-0.02-1c,1c-1f,6,0.53
30-0.02-1c,1c-1f,7,0.82
30-0.02-1c,1c-1f,8,0.91
30-0.02-1c,1c-1f,9,1.20
30-0.02-1c,1c-1f,10,1.63
30-0.02-1c,1c-1f,11,1.79
30-0.02-1c,1c-1f,12,2.29
30-0.02-1c,1c-1f,13,2.49
30-0.02-1c,1c-1f,14,2.64
30-0.02-1c,1c-1f,15,3.07
30-0.02-1c,1c-1f,16,3.47
30-0.02-1c,1c-1f,17,3.69
30-0.02-1c,1c-1f,18,3.77
30-0.02-1c,1c-1f,19,3.81
30-0.02-1c,1c-1f,20,4.53
30-0.02-1c,1c-1f,21,4.81
30-0.02-1c,1c-1f,22,5.08
30-0.02-1c,1c-1f,23,5.15
30-0.02-1c,1c-1f,24,5.22
30-0.02-1c,1c-1f,25,5.28
30-0.02-1c,1c-1f,26,5.61
30-0.02-1c,1c-1f,27,5.72
30-0.02-1c,1c-1f,28,5.81
30-0.02-1c,1c-1f,29,6.04
30-0.02-1c,1c-1f,30,6.11
30-0.02-1c,1c-1f,31,6.59
30-0.02-1c,1c-1f,32,7.94
30-0.02-1c,1c-1f,33,7.96
30-0.02-1c,1c-1f,34,8.57
30-0.02-1c,1c-1f,35,8.68
30-0.02-1c,1c-1f,36,8.92
30-0.02-1c,1c-1f,37,9.20
30-0.02-1c,1c-1f,38,9.42
30-0.02-1c,1c-1f,39,9.55
30-0.02-1c,1c-1f,40,9.68
30-0.02-1c,1c-1f,41,10.49
30-0.02-1c,1c-1f,42,11.47
30-0.02-1c,1c-1f,43,12.31
30-0.02-1c,1c-1f,44,13.30
30-0.02-1c,1c-1f,45,13.45
30-0.02-1c,1c-1f,46,14.17
30-0.02-1c,1c-1f,47,14.55
30-0.02-1c,1c-1f,48,14.79
30-0.02-1c,1c-1f,49,16.44
30-0.02-1c,1c-1f,50,16.61
30-0.02-1c,1c-1f,51,16.73
30-0.02-1c,1c-1f,52,16.83
30-0.02-1c,1c-1f,53,17.07
30-0.02-1c,1c-1f,54,17.58
30-0.02-1c,1c-1f,55,18.75
30-0.02-1c,1c-1f,56,18.80
30-0.02-1c,1c-1f,57,19.26
30-0.02-1c,1c-1f,58,21.32
30-0.02-1c,1c-1f,59,21.35
30-0.02-1c,1c-1f,60,21.63
30-0.02-1c,1c-1f,61,21.68
30-0.02-1c,1c-1f,62,21.79
30-0.02-1c,1c-1f,63,21.87
30-0.02-1c,1c-1f,64,21.90
30-0.02-1c,1c-1f,65,22.55
30-0.02-1c,1c-1f,66,22.74
30-0.02-1c,1c-1f,67,22.78
30-0.02-1c,1c-1f,68,23.22
30-0.02-1c,1c-1f,69,23.36
30-0.02-1c,1c-1f,70,23.77
30-0.02-1c,1c-1f,71,23.92
30-0.02-1c,1c-1f,72,25.03
30-0.02-1c,1c-1f,73,25.45
30-0.02-1c,1c-1f,74,25.83
30-0.02-1c,1c-1f,75,26.31
30-0.02-1c,1c-1f,76,26.46
30-0.02-1c,1c-1f,77,26.79
30-0.02-1c,1c-1f,78,26.95
30-0.02-1c,1c-1f,79,27.42
30-0.02-1c,1c-1f,80,28.50
30-0.02-1c,1c-1f,81,30.73
30-0.02-1c,1c-1f,82,30.99
30-0.02-1c,1c-1f,83,31.77
30-0.02-1c,1c-1f,84,32.50
30-0.02-1c,1c-1f,85,32.51
30-0.02-1c,1c-1f,86,33.10
30-0.02-1c,1c-1f,87,33.51
30-0.02-1c,1c-1f,88,34.70
30-0.02-1c,1c-1f,89,35.27
30-0.02-1c,1c-1f,90,37.33
30-0.02-1c,1c-1f,91,37.49
30-0.02-1c,1c-1f,92,37.84
30-0.02-1c,1c-1f,93,38.42
30-0.02-1c,1c-1f,94,38.76
30-0.02-1c,1c-1f,95,39.92
30-0.02-1c,1c-1f,96,40.80
30-0.02-1c,1c-1f,97,41.87
30-0.02-1c,1c-1f,98,42.09
30-0.02-1c,1c-1f,99,42.19
30-0.02-1c,1c-1f,100,42.22
30-0.02-1c,1c-1f,101,42.78
30-0.02-1c,1c-1f,102,42.85
30-0.02-1c,1c-1f,103,43.18
30-0.02-1c,1c-1f,104,44.06
30-0.02-1c,1c-1f,105,45.04
30-0.02-1c,1c-1f,106,45.81
30-0.02-1c,1c-1f,107,46.25
30-0.02-1c,1c-1f,108,48.22
30-0.02-1c,1c-1f,109,49.00
30-0.02-1c,1c-1f,110,49.35
30-0.02-1c,1c-1f,111,49.54
30-0.02-1c,1c-1f,112,50.96
30-0.02-1c,1c-1f,113,51.57
30-0.02-1c,1c-1f,114,51.64
30-0.02-1c,1c-1f,115,52.13
30-0.02-1c,1c-1f,116,52.47
30-0.02-1c,1c-1f,117,52.61
30-0.02-1c,1c-1f,118,54.59
30-0.02-1c,1c-1f,119,54.76
30-0.02-1c,1c-1f,120,55.78
30-0.02-1c,1c-1f,121,56.21
30-0.02-1c,1c-1f,122,56.41
30-0.02-1c,1c-1f,123,56.45
30-0.02-1c,1c-1f,124,56.87
30-0.02-1c,1c-1f,125,57.29
30-0.02-1c,1c-1f,126,57.35
30-0.02-1c,1c-1f,127,57.67
30-0.02-1c,1c-1f,128,58.41
30-0.02-1c,1c-1f,129,58.57
30-0.02-1c,1c-1f,130,59.25
30-0.02-1c,1c-1f,131,59.41
30-0.02-1c,1c-1f,132,59.84
30-0.02-1c,1c-1f,133,61.21
30-0.02-1c,1c-1f,134,62.52
30-0.02-1c,1c-1f,135,62.57
30-0.02-1c,1c-1f,136,62.71
30-0.02-1c,1c-1f,137,63.30
30-0.02-1c,1c-1f,138,63.48
30-0.02-1c,1c-1f,139,64.59
30-0.02-1c,1c-1f,140,65.98
30-0.02-1c,1c-1f,141,66.14
30-0.02-1c,1c-1f,142,66.57
30-0.02-1c,1c-1f,143,66.82
30-0.02-1c,1c-1f,144,66.85
30-0.02-1c,1c-1f,145,67.91
30-0.02-1c,1c-1f,146,68.67
30-0.02-1c,1c-1f,147,69.96
30-0.02-1c,1c-1f,148,70.07
30-0.02-1c,1c-1f,149,70.20
30-0.02-1c,1c-1f,150,70.43
30-0.02-1c,1c-1f,151,70.69
30-0.02-1c,1c-1f,152,71.04
30-0.02-1c,1c-1f,153,71.21
30-0.02-1c,1c-1f,154,71.32
30-0.02-1c,1c-1f,155,72.50
30-0.02-1c,1c-1f,156,73.37
30-0.02-1c,1c-1f,157,73.68
30-0.02-1c,1c-1f,158,73.86
30-0.02-1c,1c-1f,159,74.07
30-0.02-1c,1c-1f,160,75.30
30-0.02-1c,1c-1f,161,76.27
30-0.02-1c,1c-1f,162,76.70
30-0.02-1c,1c-1f,163,76.94
30-0.02-1c,1c-1f,164,77.36
30-0.02-1c,1c-1f,165,77.70
30-0.02-1c,1c-1f,166,77.87
30-0.02-1c,1c-1f,167,77.90
30-0.02-1c,1c-1f,168,78.37
30-0.02-1c,1c-1f,169,78.37
30-0.02-1c,1c-1f,170,78.56
30-0.02-1c,1c-1f,171,78.57
30-0.02-1c,1c-1f,172,79.07
30-0.02-1c,1c-1f,173,79.46
30-0.02-1c,1c-1f,174,79.61
30-0.02-1c,1c-1f,175,80.21
30-0.02-1c,1c-1f,176,80.40
30-0.02-1c,1c-1f,177,80.64
30-0.02-1c,1c-1f,178,81.39
30-0.02-1c,1c-1f,179,82.05
30-0.02-1c,1c-1f,180,82.55
30-0.02-1c,1c-1f,181,83.19
30-0.02-1c,1c-1f,182,83.36
30-0.02-1c,1c-1f,183,84.41
30-0.02-1c,1c-1f,184,84.68
30-0.02-1c,1c-1f,185,85.01
30-0.02-1c,1c-1f,186,85.20
30-0.02-1c,1c-1f,187,85.44
30-0.02-1c,1c-1f,188,85.68
30-0.02-1c,1c-1f,189,85.80
30-0.02-1c,1c-1f,190,86.15
30-0.02-1c,1c-1f,191,86.40
30-0.02-1c,1c-1f,192,86.46
30-0.02-1c,1c-1f,193,86.99
30-0.02-1c,1c-1f,194,87.59
30-0.02-1c,1c-1f,195,87.85
30-0.02-1c,1c-1f,196,88.45
30-0.02-1c,1c-1f,197,88.60
30-0.02-1c,1c-1f,198,88.67
30-0.02-1c,1c-1f,199,88.68
30-0.02-1c,1c-1f,200,88.90
30-0.02-1c,1c-1f,201,89.10
30-0.02-1c,1c-1f,202,89.26
30-0.02-1c,1c-1f,203,89.33
30-0.02-1c,1c-1f,204,89.48
30-0.02-1c,1c-1f,205,89.66
30-0.02-1c,1c-1f,206,89.75
30-0.02-1c,1c-1f,207,90.18
30-0.02-1c,1c-1f,208,93.75
30-0.02-1c,1c-1f,209,94.14
30-0.02-1c,1c-1f,210,95.11
30-0.02-1c,1c-1f,211,95.16
30-0.02-1c,1c-1f,212,95.42
30-0.02-1c,1c-1f,213,96.10
30-0.02-1c,1c-1f,214,97.79
30-0.02-1c,1c-1f,215,97.85
30-0.02-1c,1c-1f,216,98.64
30-0.02-1c,1c-1f,217,99.14
30-0.02-1c,1c-1f,218,99.35
30-0.02-1c,1c-1f,219,99.44
30-0.02-1c,1c-1f,220,99.82
30-0.02-1c,1c-1f,221,101.32
30-0.02-1c,1c-1f,222,101.59
30-0.02-1c,1c-1f,223,101.67
30-0.02-1c,1c-1f,224,101.90
30-0.02-1c,1c-1f,225,101.92
30-0.02-1c,1c-1f,226,101.93
30-0.02-1c,1c-1f,227,102.08
30-0.02-1c,1c-1f,228,102.98
30-0.02-1c,1c-1f,229,103.24
30-0.02-1c,1c-1f,230,104.08
30-0.02-1c,1c-1f,231,104.13
30-0.02-1c,1c-1f,232,104.30
30-0.02-1c,1c-1f,233,104.91
30-0.02-1c,1c-1f,234,105.09
30-0.02-1c,1c-1f,235,105.87
30-0.02-1c,1c-1f,236,105.99
30-0.02-1c,1c-1f,237,106.43
30-0.02-1c,1c-1f,238,107.17
30-0.02-1c,1c-1f,239,107.42
30-0.02-1c,1c-1f,240,107.53
30-0.02-1c,1c-1f,241,107.61
30-0.02-1c,1c-1f,242,107.62
30-0.02-1c,1c-1f,243,107.74
30-0.02-1c,1c-1f,244,107.98
30-0.02-1c,1c-1f,245,108.13
30-0.02-1c,1c-1f,246,108.22
30-0.02-1c,1c-1f,247,108.97
30-0.02-1c,1c-1f,248,108.99
30-0.02-1c,1c-1f,249,109.14
30-0.02-1c,1c-1f,250,109.67
30-0.02-1c,1c-1f,251,109.83
30-0.02-1c,1c-1f,252,110.04
30-0.02-1c,1c-1f,253,110.12
30-0.02-1c,1c-1f,254,110.90
30-0.02-1c,1c-1f,255,111.65
30-0.02-1c,1c-1f,256,111.89
30-0.02-1c,1c-1f,257,111.93
30-0.02-1c,1c-1f,258,111.98
30-0.02-1c,1c-1f,259,112.02
30-0.02-1c,1c-1f,260,112.41
30-0.02-1c,1c-1f,261,112.42
30-0.02-1c,1c-1f,262,112.60
30-0.02-1c,1c-1f,263,113.26
30-0.02-1c,1c-1f,264,113.51
30-0.02-1c,1c-1f,265,114.42
30-0.02-1c,1c-1f,266,115.09
30-0.02-1c,1c-1f,267,115.26
30-0.02-1c,1c-1f,268,115.37
30-0.02-1c,1c-1f,269,115.75
30-0.02-1c,1c-1f,270,116.03
30-0.02-1c,1c-1f,271,116.67
30-0.02-1c,1c-1f,272,117.37
30-0.02-1c,1c-1f,273,118.68
30-0.02-1c,1c-1f,274,118.82
30-0.02-1c,1c-1f,275,118.84
30-0.02-1c,1c-1f,276,119.12
30-0.02-1c,1c-1f,277,119.39
30-0.02-1c,1c-1f,278,120.26
30-0.02-1c,1c-1f,279,120.41
30-0.02-1c,1c-1f,280,121.47
30-0.02-1c,1c-1f,281,121.62
30-0.02-1c,1c-1f,282,121.90
30-0.02-1c,1c-1f,283,122.09
30-0.02-1c,1c-1f,284,122.09
30-0.02-1c,1c-1f,285,122.80
30-0.02-1c,1c-1f,286,123.66
30-0.02-1c,1c-1f,287,123.81
30-0.02-1c,1c-1f,288,124.91
30-0.02-1c,1c-1f,289,125.12
30-0.02-1c,1c-1f,290,125.70
30-0.02-1c,1c-1f,291,125.92
30-0.02-1c,1c-1f,292,126.53
30-0.02-1c,1c-1f,293,126.64
30-0.02-1c,1c-1f,294,126.74
30-0.02-1c,1c-1f,295,126.82
30-0.02-1c,1c-1f,296,126.84
30-0.02-1c,1c-1f,297,127.31
30-0.02-1c,1c-1f,298,128.42
30-0.02-1c,1c-1f,299,129.54
30-0.02-1c,1c-1f,300,129.55
30-0.02-1c,1c-1f,301,129.69
30-0.02-1c,1c-1f,302,131.00
30-0.02-1c,1c-1f,303,131.27
30-0.02-1c,1c-1f,304,131.36
30-0.02-1c,1c-1f,305,132.05
30-0.02-1c,1c-1f,306,134.38
30-0.02-1c,1c-1f,307,135.25
30-0.02-1c,1c-1f,308,135.27
30-0.02-1c,1c-1f,309,135.44
30-0.02-1c,1c-1f,310,135.60
30-0.02-1c,1c-1f,311,135.75
30-0.02-1c,1c-1f,312,136.44
30-0.02-1c,1c-1f,313,136.67
30-0.02-1c,1c-1f,314,136.77
30-0.02-1c,1c-1f,315,137.00
30-0.02-1c,1c-1f,316,137.11
30-0.02-1c,1c-1f,317,137.15
30-0.02-1c,1c-1f,318,138.28
30-0.02-1c,1c-1f,319,139.69
30-0.02-1c,1c-1f,320,140.42
30-0.02-1c,1c-1f,321,140.78
30-0.02-1c,1c-1f,322,141.26
30-0.02-1c,1c-1f,323,141.51
30-0.02-1c,1c-1f,324,142.13
30-0.02-1c,1c-1f,325,142.66
30-0.02-1c,1c-1f,326,143.56
30-0.02-1c,1c-1f,327,144.00
30-0.02-1c,1c-1f,328,144.09
30-0.02-1c,1c-1f,329,144.26
30-0.02-1c,1c-1f,330,145.69
30-0.02-1c,1c-1f,331,146.23
30-0.02-1c,1c-1f,332,146.47
30-0.02-1c,1c-1f,333,146.85
30-0.02-1c,1c-1f,334,147.37
30-0.02-1c,1c-1f,335,147.58
30-0.02-1c,1c-1f,336,148.10
30-0.02-1c,1c-1f,337,148.51
30-0.02-1c,1c-1f,338,148.89
30-0.02-1c,1c-1f,339,149.53
30-0.02-1c,1c-1f,340,149.95
30-0.02-1c,1c-1f,341,150.38
30-0.02-1c,1c-1f,342,150.60
30-0.02-1c,1c-1f,343,151.21
30-0.02-1c,1c-1f,344,152.92
30-0.02-1c,1c-1f,345,153.05
30-0.02-1c,1c-1f,346,153.09
30-0.02-1c,1c-1f,347,153.15
30-0.02-1c,1c-1f,348,154.18
30-0.02-1c,1c-1f,349,155.69
30-0.02-1c,1c-1f,350,156.53
30-0.02-1c,1c-1f,351,157.18
30-0.02-1c,1c-1f,352,157.91
30-0.02-1c,1c-1f,353,158.94
30-0.02-1c,1c-1f,354,159.47
30-0.02-1c,1c-1f,355,160.40
30-0.02-1c,1c-1f,356,160.77
30-0.02-1c,1c-1f,357,160.91
30-0.02-1c,1c-1f,358,161.00
30-0.02-1c,1c-1f,359,161.07
30-0.02-1c,1c-1f,360,161.40
30-0.02-1c,1c-1f,361,161.71
30-0.02-1c,1c-1f,362,162.08
30-0.02-1c,1c-1f,363,162.85
30-0.02-1c,1c-1f,364,163.27
30-0.02-1c,1c-1f,365,165.15
30-0.02-1c,1c-1f,366,165.77
30-0.02-1c,1c-1f,367,165.84
30-0.02-1c,1c-1f,368,166.01
30-0.02-1c,1c-1f,369,166.48
30-0.02-1c,1c-1f,370,166.75
30-0.02-1c,1c-1f,371,167.54
30-0.02-1c,1c-1f,372,168.03
30-0.02-1c,1c-1f,373,168.25
30-0.02-1c,1c-1f,374,168.37
30-0.02-1c,1c-1f,375,168.54
30-0.02-1c,1c-1f,376,168.65
30-0.02-1c,1c-1f,377,168.79
30-0.02-1c,1c-1f,378,169.08
30-0.02-1c,1c-1f,379,169.16
30-0.02-1c,1c-1f,380,169.24
30-0.02-1c,1c-1f,381,169.50
30-0.02-1c,1c-1f,382,170.22
30-0.02-1c,1c-1f,383,170.45
30-0.02-1c,1c-1f,384,170.98
30-0.02-1c,1c-1f,385,171.28
30-0.02-1c,1c-1f,386,171.89
30-0.02-1c,1c-1f,387,172.19
30-0.02-1c,1c-1f,388,173.45
30-0.02-1c,1c-1f,389,173.46
30-0.02-1c,1c-1f,390,173.49
30-0.02-1c,1c-1f,391,173.81
30-0.02-1c,1c-1f,392,174.05
30-0.02-1c,1c-1f,393,174.20
30-0.02-1c,1c-1f,394,174.27
30-0.02-1c,1c-1f,395,175.36
30-0.02-1c,1c-1f,396,175.56
30-0.02-1c,1c-1f,397,175.91
30-0.02-1c,1c-1f,398,176.02
30-0.02-1c,1c-1f,399,176.43
30-0.02-1c,1c-1f,400,177.70
30-0.02-1c,1c-1f,401,178.94
30-0.02-1c,1c-1f,402,179.04
30-0.02-1c,1c-1f,403,179.38
30-0.02-1c,1c-1f,404,179.44
30-0.02-1c,1c-1f,405,179.75
30-0.02-1c,1c-1f,406,180.19
30-0.02-1c,1c-1f,407,182.22
30-0.02-1c,1c-1f,408,182.26
30-0.02-1c,1c-1f,409,182.42
30-0.02-1c,1c-1f,410,182.99
30-0.02-1c,1c-1f,411,183.01
30-0.02-1c,1c-1f,412,183.27
30-0.02-1c,1c-1f,413,183.62
30-0.02-1c,1c-1f,414,183.72
30-0.02-1c,1c-1f,415,183.81
30-0.02-1c,1c-1f,416,184.00
30-0.02-1c,1c-1f,417,184.15
30-0.02-1c,1c-1f,418,184.32
30-0.02-1c,1c-1f,419,184.73
30-0.02-1c,1c-1f,420,184.74
30-0.02-1c,1c-1f,421,185.07
30-0.02-1c,1c-1f,422,185.32
30-0.02-1c,1c-1f,423,185.37
30-0.02-1c,1c-1f,424,185.40
30-0.02-1c,1c-1f,425,186.11
30-0.02-1c,1c-1f,426,186.54
30-0.02-1c,1c-1f,427,187.43
30-0.02-1c,1c-1f,428,188.02
30-0.02-1c,1c-1f,429,188.11
30-0.02-1c,1c-1f,430,188.22
30-0.02-1c,1c-1f,431,188.73
30-0.02-1c,1c-1f,432,188.86
30-0.02-1c,1c-1f,433,188.93
30-0.02-1c,1c-1f,434,189.71
30-0.02-1c,1c-1f,435,189.97
30-0.02-1c,1c-1f,436,190.40
30-0.02-1c,1c-1f,437,190.82
30-0.02-1c,1c-1f,438,190.98
30-0.02-1c,1c-1f,439,191.61
30-0.02-1c,1c-1f,440,191.72
30-0.02-1c,1c-1f,441,192.28
30-0.02-1c,1c-1f,442,193.55
30-0.02-1c,1c-1f,443,193.80
30-0.02-1c,1c-1f,444,194.39
30-0.02-1c,1c-1f,445,196.76
30-0.02-1c,1c-1f,446,197.58
30-0.02-1c,1c-1f,447,198.21
30-0.02-1c,1c-1f,448,199.78
30-0.02-1c,1c-1f,449,200.43
30-0.02-1c,1c-1f,450,202.22
30-0.02-1c,1c-1f,451,203.95
30-0.02-1c,1c-1f,452,205.44
30-0.02-1c,1c-1f,453,205.59
30-0.02-1c,1c-1f,454,205.61
30-0.02-1c,1c-1f,455,205.88
30-0.02-1c,1c-1f,456,205.97
30-0.02-1c,1c-1f,457,206.95
30-0.02-1c,1c-1f,458,208.76
30-0.02-1c,1c-1f,459,208.93
30-0.02-1c,1c-1f,460,210.13
30-0.02-1c,1c-1f,461,210.50
30-0.02-1c,1c-1f,462,210.76
30-0.02-1c,1c-1f,1,0.13
30-0.02-1c,1c-1f,2,0.14
30-0.02-1c,1c-1f,3,0.15
30-0.02-1c,1c-1f,4,0.18
30-0.02-1c,1c-1f,5,0.41
30-0.02-1c,1c-1f,6,0.49
30-0.02-1c,1c-1f,7,0.70
30-0.02-1c,1c-1f,8,0.77
30-0.02-1c,1c-1f,9,1.03
30-0.02-1c,1c-1f,10,1.50
30-0.02-1c,1c-1f,11,1.68
30-0.02-1c,1c-1f,12,2.21
30-0.02-1c,1c-1f,13,2.41
30-0.02-1c,1c-1f,14,2.57
30-0.02-1c,1c-1f,15,3.02
30-0.02-1c,1c-1f,16,3.51
30-0.02-1c,1c-1f,17,3.76
30-0.02-1c,1c-1f,18,3.85
30-0.02-1c,1c-1f,19,3.91
30-0.02-1c,1c-1f,20,4.67
30-0.02-1c,1c-1f,21,4.91
30-0.02-1c,1c-1f,22,5.19
30-0.02-1c,1c-1f,23,5.25
30-0.02-1c,1c-1f,24,5.32
30-0.02-1c,1c-1f,25,5.38
30-0.02-1c,1c-1f,26,5.80
30-0.02-1c,1c-1f,27,5.91
30-0.02-1c,1c-1f,28,5.99
30-0.02-1c,1c-1f,29,6.17
30-0.02-1c,1c-1f,30,6.24
30-0.02-1c,1c-1f,31,6.74
30-0.02-1c,1c-1f,32,8.09
30-0.02-1c,1c-1f,33,8.11
30-0.02-1c,1c-1f,34,8.83
30-0.02-1c,1c-1f,35,8.93
30-0.02-1c,1c-1f,36,9.17
30-0.02-1c,1c-1f,37,9.45
30-0.02-1c,1c-1f,38,9.66
30-0.02-1c,1c-1f,39,9.78
30-0.02-1c,1c-1f,40,9.91
30-0.02-1c,1c-1f,41,10.71
30-0.02-1c,1c-1f,42,11.69
30-0.02-1c,1c-1f,43,12.50
30-0.02-1c,1c-1f,44,13.65
30-0.02-1c,1c-1f,45,13.86
30-0.02-1c,1c-1f,46,14.62
30-0.02-1c,1c-1f,47,14.94
30-0.02-1c,1c-1f,48,15.13
30-0.02-1c,1c-1f,49,16.85
30-0.02-1c,1c-1f,50,17.10
30-0.02-1c,1c-1f,51,17.22
30-0.02-1c,1c-1f,52,17.33
30-0.02-1c,1c-1f,53,17.57
30-0.02-1c,1c-1f,54,18.09
30-0.02-1c,1c-1f,55,19.48
30-0.02-1c,1c-1f,56,19.53
30-0.02-1c,1c-1f,57,20.00
30-0.02-1c,1c-1f,58,21.97
30-0.02-1c,1c-1f,59,22.01
30-0.02-1c,1c-1f,60,22.31
30-0.02-1c,1c-1f,61,22.38
30-0.02-1c,1c-1f,62,22.51
30-0.02-1c,1c-1f,63,22.62
30-0.02-1c,1c-1f,64,22.67
30-0.02-1c,1c-1f,65,23.55
30-0.02-1c,1c-1f,66,23.81
30-0.02-1c,1c-1f,67,23.87
30-0.02-1c,1c-1f,68,24.49
30-0.02-1c,1c-1f,69,24.70
30-0.02-1c,1c-1f,70,25.25
30-0.02-1c,1c-1f,71,25.47
30-0.02-1c,1c-1f,72,26.44
30-0.02-1c,1c-1f,73,26.87
30-0.02-1c,1c-1f,74,27.26
30-0.02-1c,1c-1f,75,27.66
30-0.02-1c,1c-1f,76,27.78
30-0.02-1c,1c-1f,77,28.06
30-0.02-1c,1c-1f,78,28.18
30-0.02-1c,1c-1f,79,28.65
30-0.02-1c,1c-1f,80,29.83
30-0.02-1c,1c-1f,81,31.79
30-0.02-1c,1c-1f,82,32.02
30-0.02-1c,1c-1f,83,32.85
30-0.02-1c,1c-1f,84,33.70
30-0.02-1c,1c-1f,85,33.71
30-0.02-1c,1c-1f,86,34.37
30-0.02-1c,1c-1f,87,34.78
30-0.02-1c,1c-1f,88,35.95
30-0.02-1c,1c-1f,89,36.55
30-0.02-1c,1c-1f,90,38.69
30-0.02-1c,1c-1f,91,38.87
30-0.02-1c,1c-1f,92,39.24
30-0.02-1c,1c-1f,93,39.89
30-0.02-1c,1c-1f,94,40.23
30-0.02-1c,1c-1f,95,41.41
30-0.02-1c,1c-1f,96,42.52
30-0.02-1c,1c-1f,97,43.71
30-0.02-1c,1c-1f,98,43.94
30-0.02-1c,1c-1f,99,44.05
30-0.02-1c,1c-1f,100,44.07
30-0.02-1c,1c-1f,101,44.73
30-0.02-1c,1c-1f,102,44.80
30-0.02-1c,1c-1f,103,45.18
30-0.02-1c,1c-1f,104,45.96
30-0.02-1c,1c-1f,105,46.67
30-0.02-1c,1c-1f,106,47.43
30-0.02-1c,1c-1f,107,47.91
30-0.02-1c,1c-1f,108,50.56
30-0.02-1c,1c-1f,109,51.49
30-0.02-1c,1c-1f,110,51.92
30-0.02-1c,1c-1f,111,52.18
30-0.02-1c,1c-1f,112,53.87
30-0.02-1c,1c-1f,113,54.46
30-0.02-1c,1c-1f,114,54.56
30-0.02-1c,1c-1f,115,55.13
30-0.02-1c,1c-1f,116,55.42
30-0.02-1c,1c-1f,117,55.57
30-0.02-1c,1c-1f,118,57.30
30-0.02-1c,1c-1f,119,57.48
30-0.02-1c,1c-1f,120,58.74
30-0.02-1c,1c-1f,121,59.21
30-0.02-1c,1c-1f,122,59.46
30-0.02-1c,1c-1f,123,59.51
30-0.02-1c,1c-1f,124,59.99
30-0.02-1c,1c-1f,125,60.49
30-0.02-1c,1c-1f,126,60.57
30-0.02-1c,1c-1f,127,60.87
30-0.02-1c,1c-1f,128,61.44
30-0.02-1c,1c-1f,129,61.55
30-0.02-1c,1c-1f,130,62.06
30-0.02-1c,1c-1f,131,62.20
30-0.02-1c,1c-1f,132,62.56
30-0.02-1c,1c-1f,133,63.63
30-0.02-1c,1c-1f,134,65.00
30-0.02-1c,1c-1f,135,65.05
30-0.02-1c,1c-1f,136,65.20
30-0.02-1c,1c-1f,137,65.83
30-0.02-1c,1c-1f,138,66.03
30-0.02-1c,1c-1f,139,67.14
30-0.02-1c,1c-1f,140,68.54
30-0.02-1c,1c-1f,141,68.73
30-0.02-1c,1c-1f,142,69.25
30-0.02-1c,1c-1f,143,69.51
30-0.02-1c,1c-1f,144,69.55
30-0.02-1c,1c-1f,145,70.78
30-0.02-1c,1c-1f,146,71.52
30-0.02-1c,1c-1f,147,72.73
30-0.02-1c,1c-1f,148,72.83
30-0.02-1c,1c-1f,149,72.95
30-0.02-1c,1c-1f,150,73.18
30-0.02-1c,1c-1f,151,73.43
30-0.02-1c,1c-1f,152,73.81
30-0.02-1c,1c-1f,153,74.03
30-0.02-1c,1c-1f,154,74.19
30-0.02-1c,1c-1f,155,75.63
30-0.02-1c,1c-1f,156,76.65
30-0.02-1c,1c-1f,157,77.04
30-0.02-1c,1c-1f,158,77.22
30-0.02-1c,1c-1f,159,77.45
30-0.02-1c,1c-1f,160,78.68
30-0.02-1c,1c-1f,161,79.60
30-0.02-1c,1c-1f,162,80.01
30-0.02-1c,1c-1f,163,80.24
30-0.02-1c,1c-1f,164,80.78
30-0.02-1c,1c-1f,165,81.12
30-0.02-1c,1c-1f,166,81.31
30-0.02-1c,1c-1f,167,81.35
30-0.02-1c,1c-1f,168,81.81
30-0.02-1c,1c-1f,169,81.81
30-0.02-1c,1c-1f,170,81.97
30-0.02-1c,1c-1f,171,81.98
30-0.02-1c,1c-1f,172,82.43
30-0.02-1c,1c-1f,173,82.85
30-0.02-1c,1c-1f,174,82.98
30-0.02-1c,1c-1f,175,83.47
30-0.02-1c,1c-1f,176,83.64
30-0.02-1c,1c-1f,177,83.89
30-0.02-1c,1c-1f,178,84.69
30-0.02-1c,1c-1f,179,85.35
30-0.02-1c,1c-1f,180,85.93
30-0.02-1c,1c-1f,181,86.59
30-0.02-1c,1c-1f,182,86.72
30-0.02-1c,1c-1f,183,87.69
30-0.02-1c,1c-1f,184,87.99
30-0.02-1c,1c-1f,185,88.41
30-0.02-1c,1c-1f,186,88.69
30-0.02-1c,1c-1f,187,88.99
30-0.02-1c,1c-1f,188,89.28
30-0.02-1c,1c-1f,189,89.41
30-0.02-1c,1c-1f,190,89.80
30-0.02-1c,1c-1f,191,90.08
30-0.02-1c,1c-1f,192,90.17
30-0.02-1c,1c-1f,193,90.71
30-0.02-1c,1c-1f,194,91.41
30-0.02-1c,1c-1f,195,91.75
30-0.02-1c,1c-1f,196,92.60
30-0.02-1c,1c-1f,197,92.83
30-0.02-1c,1c-1f,198,92.91
30-0.02-1c,1c-1f,199,92.92
30-0.02-1c,1c-1f,200,93.20
30-0.02-1c,1c-1f,201,93.44
30-0.02-1c,1c-1f,202,93.68
30-0.02-1c,1c-1f,203,93.76
30-0.02-1c,1c-1f,204,93.94
30-0.02-1c,1c-1f,205,94.19
30-0.02-1c,1c-1f,206,94.32
30-0.02-1c,1c-1f,207,94.90
30-0.02-1c,1c-1f,208,98.89
30-0.02-1c,1c-1f,209,99.31
30-0.02-1c,1c-1f,210,100.41
30-0.02-1c,1c-1f,211,100.49
30-0.02-1c,1c-1f,212,100.81
30-0.02-1c,1c-1f,213,101.61
30-0.02-1c,1c-1f,214,103.61
30-0.02-1c,1c-1f,215,103.68
30-0.02-1c,1c-1f,216,104.68
30-0.02-1c,1c-1f,217,105.33
30-0.02-1c,1c-1f,218,105.57
30-0.02-1c,1c-1f,219,105.67
30-0.02-1c,1c-1f,220,106.09
30-0.02-1c,1c-1f,221,107.78
30-0.02-1c,1c-1f,222,108.09
30-0.02-1c,1c-1f,223,108.17
30-0.02-1c,1c-1f,224,108.44
30-0.02-1c,1c-1f,225,108.46
30-0.02-1c,1c-1f,226,108.47
30-0.02-1c,1c-1f,227,108.62
30-0.02-1c,1c-1f,228,109.63
30-0.02-1c,1c-1f,229,109.91
30-0.02-1c,1c-1f,230,110.91
30-0.02-1c,1c-1f,231,110.96
30-0.02-1c,1c-1f,232,111.13
30-0.02-1c,1c-1f,233,111.84
30-0.02-1c,1c-1f,234,112.07
30-0.02-1c,1c-1f,235,113.01
30-0.02-1c,1c-1f,236,113.13
30-0.02-1c,1c-1f,237,113.55
30-0.02-1c,1c-1f,238,114.22
30-0.02-1c,1c-1f,239,114.50
30-0.02-1c,1c-1f,240,114.65
30-0.02-1c,1c-1f,241,114.76
30-0.02-1c,1c-1f,242,114.78
30-0.02-1c,1c-1f,243,114.93
30-0.02-1c,1c-1f,244,115.19
30-0.02-1c,1c-1f,245,115.35
30-0.02-1c,1c-1f,246,115.47
30-0.02-1c,1c-1f,247,116.48
30-0.02-1c,1c-1f,248,116.49
30-0.02-1c,1c-1f,249,116.65
30-0.02-1c,1c-1f,250,117.17
30-0.02-1c,1c-1f,251,117.30
30-0.02-1c,1c-1f,252,117.46
30-0.02-1c,1c-1f,253,117.53
30-0.02-1c,1c-1f,254,118.27
30-0.02-1c,1c-1f,255,119.27
30-0.02-1c,1c-1f,256,119.58
30-0.02-1c,1c-1f,257,119.62
30-0.02-1c,1c-1f,258,119.68
30-0.02-1c,1c-1f,259,119.72
30-0.02-1c,1c-1f,260,120.13
30-0.02-1c,1c-1f,261,120.13
30-0.02-1c,1c-1f,262,120.32
30-0.02-1c,1c-1f,263,121.13
30-0.02-1c,1c-1f,264,121.45
30-0.02-1c,1c-1f,265,122.55
30-0.02-1c,1c-1f,266,123.10
30-0.02-1c,1c-1f,267,123.28
30-0.02-1c,1c-1f,268,123.42
30-0.02-1c,1c-1f,269,123.89
30-0.02-1c,1c-1f,270,124.25
30-0.02-1c,1c-1f,271,124.97
30-0.02-1c,1c-1f,272,125.64
30-0.02-1c,1c-1f,273,126.78
30-0.02-1c,1c-1f,274,126.95
30-0.02-1c,1c-1f,275,126.97
30-0.02-1c,1c-1f,276,127.31
30-0.02-1c,1c-1f,277,127.63
30-0.02-1c,1c-1f,278,128.58
30-0.02-1c,1c-1f,279,128.74
30-0.02-1c,1c-1f,280,130.09
30-0.02-1c,1c-1f,281,130.30
30-0.02-1c,1c-1f,282,130.67
30-0.02-1c,1c-1f,283,130.87
30-0.02-1c,1c-1f,284,130.88
30-0.02-1c,1c-1f,285,131.65
30-0.02-1c,1c-1f,286,132.47
30-0.02-1c,1c-1f,287,132.64
30-0.02-1c,1c-1f,288,133.77
30-0.02-1c,1c-1f,289,134.04
30-0.02-1c,1c-1f,290,134.72
30-0.02-1c,1c-1f,291,134.99
30-0.02-1c,1c-1f,292,135.85
30-0.02-1c,1c-1f,293,136.02
30-0.02-1c,1c-1f,294,136.16
30-0.02-1c,1c-1f,295,136.28
30-0.02-1c,1c-1f,296,136.31
30-0.02-1c,1c-1f,297,136.82
30-0.02-1c,1c-1f,298,137.88
30-0.02-1c,1c-1f,299,138.79
30-0.02-1c,1c-1f,300,138.80
30-0.02-1c,1c-1f,301,138.94
30-0.02-1c,1c-1f,302,140.10
30-0.02-1c,1c-1f,303,140.40
30-0.02-1c,1c-1f,304,140.50
30-0.02-1c,1c-1f,305,141.23
30-0.02-1c,1c-1f,306,143.86
30-0.02-1c,1c-1f,307,144.73
30-0.02-1c,1c-1f,308,144.75
30-0.02-1c,1c-1f,309,144.99
30-0.02-1c,1c-1f,310,145.15
30-0.02-1c,1c-1f,311,145.31
30-0.02-1c,1c-1f,312,146.01
30-0.02-1c,1c-1f,313,146.25
30-0.02-1c,1c-1f,314,146.36
30-0.02-1c,1c-1f,315,146.62
30-0.02-1c,1c-1f,316,146.77
30-0.02-1c,1c-1f,317,146.83
30-0.02-1c,1c-1f,318,148.03
30-0.02-1c,1c-1f,319,149.21
30-0.02-1c,1c-1f,320,150.01
30-0.02-1c,1c-1f,321,150.53
30-0.02-1c,1c-1f,322,151.07
30-0.02-1c,1c-1f,323,151.36
30-0.02-1c,1c-1f,324,152.07
30-0.02-1c,1c-1f,325,152.62
30-0.02-1c,1c-1f,326,153.57
30-0.02-1c,1c-1f,327,154.09
30-0.02-1c,1c-1f,328,154.19
30-0.02-1c,1c-1f,329,154.44
30-0.02-1c,1c-1f,330,156.36
30-0.02-1c,1c-1f,331,156.97
30-0.02-1c,1c-1f,332,157.30
30-0.02-1c,1c-1f,333,157.77
30-0.02-1c,1c-1f,334,158.33
30-0.02-1c,1c-1f,335,158.55
30-0.02-1c,1c-1f,336,159.18
30-0.02-1c,1c-1f,337,159.53
30-0.02-1c,1c-1f,338,159.84
30-0.02-1c,1c-1f,339,160.61
30-0.02-1c,1c-1f,340,161.13
30-0.02-1c,1c-1f,341,161.59
30-0.02-1c,1c-1f,342,161.83
30-0.02-1c,1c-1f,343,162.47
30-0.02-1c,1c-1f,344,164.60
30-0.02-1c,1c-1f,345,164.78
30-0.02-1c,1c-1f,346,164.83
30-0.02-1c,1c-1f,347,164.88
30-0.02-1c,1c-1f,348,166.20
30-0.02-1c,1c-1f,349,167.98
30-0.02-1c,1c-1f,350,168.70
30-0.02-1c,1c-1f,351,169.34
30-0.02-1c,1c-1f,352,170.21
30-0.02-1c,1c-1f,353,171.40
30-0.02-1c,1c-1f,354,171.94
30-0.02-1c,1c-1f,355,173.04
30-0.02-1c,1c-1f,356,173.47
30-0.02-1c,1c-1f,357,173.60
30-0.02-1c,1c-1f,358,173.70
30-0.02-1c,1c-1f,359,173.77
30-0.02-1c,1c-1f,360,174.07
30-0.02-1c,1c-1f,361,174.41
30-0.02-1c,1c-1f,362,174.75
30-0.02-1c,1c-1f,363,175.58
30-0.02-1c,1c-1f,364,175.99
30-0.02-1c,1c-1f,365,178.01
30-0.02-1c,1c-1f,366,178.81
30-0.02-1c,1c-1f,367,178.89
30-0.02-1c,1c-1f,368,179.09
30-0.02-1c,1c-1f,369,179.58
30-0.02-1c,1c-1f,370,179.94
30-0.02-1c,1c-1f,371,180.91
30-0.02-1c,1c-1f,372,181.59
30-0.02-1c,1c-1f,373,181.86
30-0.02-1c,1c-1f,374,181.99
30-0.02-1c,1c-1f,375,182.16
30-0.02-1c,1c-1f,376,182.28
30-0.02-1c,1c-1f,377,182.44
30-0.02-1c,1c-1f,378,182.72
30-0.02-1c,1c-1f,379,182.82
30-0.02-1c,1c-1f,380,182.92
30-0.02-1c,1c-1f,381,183.23
30-0.02-1c,1c-1f,382,183.93
30-0.02-1c,1c-1f,383,184.11
30-0.02-1c,1c-1f,384,184.55
30-0.02-1c,1c-1f,385,184.86
30-0.02-1c,1c-1f,386,185.47
30-0.02-1c,1c-1f,387,185.76
30-0.02-1c,1c-1f,388,187.22
30-0.02-1c,1c-1f,389,187.23
30-0.02-1c,1c-1f,390,187.25
30-0.02-1c,1c-1f,391,187.56
30-0.02-1c,1c-1f,392,187.80
30-0.02-1c,1c-1f,393,187.95
30-0.02-1c,1c-1f,394,188.03
30-0.02-1c,1c-1f,395,189.28
30-0.02-1c,1c-1f,396,189.51
30-0.02-1c,1c-1f,397,189.87
30-0.02-1c,1c-1f,398,189.99
30-0.02-1c,1c-1f,399,190.30
30-0.02-1c,1c-1f,400,191.35
30-0.02-1c,1c-1f,401,192.40
30-0.02-1c,1c-1f,402,192.50
30-0.02-1c,1c-1f,403,192.83
30-0.02-1c,1c-1f,404,192.91
30-0.02-1c,1c-1f,405,193.26
30-0.02-1c,1c-1f,406,193.67
30-0.02-1c,1c-1f,407,195.72
30-0.02-1c,1c-1f,408,195.76
30-0.02-1c,1c-1f,409,195.93
30-0.02-1c,1c-1f,410,196.56
30-0.02-1c,1c-1f,411,196.57
30-0.02-1c,1c-1f,412,196.85
30-0.02-1c,1c-1f,413,197.25
30-0.02-1c,1c-1f,414,197.36
30-0.02-1c,1c-1f,415,197.48
30-0.02-1c,1c-1f,416,197.70
30-0.02-1c,1c-1f,417,197.85
30-0.02-1c,1c-1f,418,197.99
30-0.02-1c,1c-1f,419,198.32
30-0.02-1c,1c-1f,420,198.34
30-0.02-1c,1c-1f,421,198.64
30-0.02-1c,1c-1f,422,198.89
30-0.02-1c,1c-1f,423,198.96
30-0.02-1c,1c-1f,424,198.99
30-0.02-1c,1c-1f,425,199.82
30-0.02-1c,1c-1f,426,200.26
30-0.02-1c,1c-1f,427,201.11
30-0.02-1c,1c-1f,428,201.70
30-0.02-1c,1c-1f,429,201.78
30-0.02-1c,1c-1f,430,201.91
30-0.02-1c,1c-1f,431,202.50
30-0.02-1c,1c-1f,432,202.66
30-0.02-1c,1c-1f,433,202.76
30-0.02-1c,1c-1f,434,203.58
30-0.02-1c,1c-1f,435,203.78
30-0.02-1c,1c-1f,436,204.13
30-0.02-1c,1c-1f,437,204.50
30-0.02-1c,1c-1f,438,204.67
30-0.02-1c,1c-1f,439,205.44
30-0.02-1c,1c-1f,440,205.58
30-0.02-1c,1c-1f,441,206.17
30-0.02-1c,1c-1f,442,207.28
30-0.02-1c,1c-1f,443,207.47
30-0.02-1c,1c-1f,444,207.90
30-0.02-1c,1c-1f,445,210.01
30-0.02-1c,1c-1f,446,210.77
30-0.02-1c,1c-1f,447,211.26
30-0.02-1c,1c-1f,448,212.76
30-0.02-1c,1c-1f,449,213.41
30-0.02-1c,1c-1f,450,215.05
30-0.02-1c,1c-1f,451,216.84
30-0.02-1c,1c-1f,452,218.26
30-0.02-1c,1c-1f,453,218.41
30-0.02-1c,1c-1f,454,218.44
30-0.02-1c,1c-1f,455,218.75
30-0.02-1c,1c-1f,456,218.84
30-0.02-1c,1c-1f,457,219.90
30-0.02-1c,1c-1f,458,221.30
30-0.02-1c,1c-1f,459,221.42
30-0.02-1c,1c-1f,460,222.57
30-0.02-1c,1c-1f,461,223.02
30-0.02-1c,1c-1f,462,223.31
